1.000000000000000000e+00 9.979225641906863675e-01
2.000000000000000000e+00 9.941077517206450276e-01
3.000000000000000000e+00 9.918226024774876581e-01
4.000000000000000000e+00 9.910613885145626023e-01
5.000000000000000000e+00 9.910577708640456729e-01
6.000000000000000000e+00 9.902968583719969908e-01
7.000000000000000000e+00 9.895362473508246826e-01
8.000000000000000000e+00 9.887759378005287481e-01
9.000000000000000000e+00 9.886758494695619959e-01
1.000000000000000000e+01 9.879158413901425462e-01
1.100000000000000000e+01 9.871561347815994703e-01
1.200000000000000000e+01 9.863967296439327681e-01
1.300000000000000000e+01 9.856376259771424397e-01
1.400000000000000000e+01 9.848788237812285962e-01
1.500000000000000000e+01 9.841203230561911264e-01
1.600000000000000000e+01 9.773137136086967880e-01
1.700000000000000000e+01 9.750481599725058235e-01
1.800000000000000000e+01 9.742935783688616569e-01
1.900000000000000000e+01 9.742851371843223030e-01
2.000000000000000000e+01 9.727768783896632021e-01
