1.000000000000000000e+00 9.977073139849325090e-01
2.000000000000000000e+00 9.938925015148911690e-01
3.000000000000000000e+00 9.931303831393367698e-01
4.000000000000000000e+00 6.894449016752736137e-01
5.000000000000000000e+00 6.882176137374248492e-01
6.000000000000000000e+00 6.857669569831206235e-01
7.000000000000000000e+00 6.838131242331334514e-01
8.000000000000000000e+00 6.833973958945696037e-01
9.000000000000000000e+00 6.815626441407627301e-01
1.000000000000000000e+01 6.815526956018413962e-01
1.100000000000000000e+01 6.814999381984703231e-01
1.200000000000000000e+01 6.813998498675035709e-01
1.300000000000000000e+01 6.813112174298402435e-01
1.400000000000000000e+01 6.810353715779287054e-01
1.500000000000000000e+01 6.798153189411136887e-01
1.600000000000000000e+01 6.743309607575360687e-01
1.700000000000000000e+01 6.682671755495059873e-01
1.800000000000000000e+01 6.580533422568712876e-01
1.900000000000000000e+01 6.574531137419469262e-01
2.000000000000000000e+01 6.569580985628883374e-01
