1.000000000000000000e+00 5.145247526054587128e-01
2.000000000000000000e+00 3.985625591062831319e-01
3.000000000000000000e+00 3.140218933857155115e-01
4.000000000000000000e+00 3.104677451558253698e-01
5.000000000000000000e+00 3.104605717004795262e-01
6.000000000000000000e+00 3.104130475588133820e-01
7.000000000000000000e+00 3.104121508768951099e-01
8.000000000000000000e+00 3.103897338289394181e-01
9.000000000000000000e+00 3.020514886713206448e-01
1.000000000000000000e+01 3.019522558723699013e-01
1.100000000000000000e+01 3.019510602964788903e-01
1.200000000000000000e+01 3.018748423334293718e-01
1.300000000000000000e+01 3.018625876805469121e-01
1.400000000000000000e+01 3.017424323035041156e-01
1.500000000000000000e+01 3.017047716629384646e-01
1.600000000000000000e+01 2.937963360381245503e-01
1.700000000000000000e+01 2.937957382501790171e-01
1.800000000000000000e+01 2.931758321507095255e-01
1.900000000000000000e+01 2.930921418383414245e-01
2.000000000000000000e+01 2.930834739131318312e-01
