1.000000000000000000e+00 1.255249922165084442e+01
2.000000000000000000e+00 5.751837221857067917e+00
3.000000000000000000e+00 1.030658775725964560e+01
4.000000000000000000e+00 1.098306403430860101e+01
5.000000000000000000e+00 6.828009649016992810e+00
6.000000000000000000e+00 6.566325876811175632e+00
7.000000000000000000e+00 3.950592210517567082e+01
8.000000000000000000e+00 1.017976222864859537e+01
9.000000000000000000e+00 6.284078334296282264e+00
1.000000000000000000e+01 6.168210648325151091e+00
1.100000000000000000e+01 6.192710740334904429e+00
1.200000000000000000e+01 6.193963595192476745e+00
1.300000000000000000e+01 1.061242056858139016e+01
1.400000000000000000e+01 6.687429300580473246e+00
1.500000000000000000e+01 8.113484119047017273e+00
1.600000000000000000e+01 6.153260326301071004e+00
1.700000000000000000e+01 2.061424706752134384e+01
1.800000000000000000e+01 1.515530967643172744e+01
1.900000000000000000e+01 5.809835752436484313e+00
2.000000000000000000e+01 5.862652687241525662e+00
2.100000000000000000e+01 6.557330122850286713e+00
2.200000000000000000e+01 1.037621714604440548e+01
2.300000000000000000e+01 1.660969847664944865e+01
2.400000000000000000e+01 9.944015374719729294e+00
2.500000000000000000e+01 1.854956592089762424e+01
2.600000000000000000e+01 1.599430369065381363e+01
2.700000000000000000e+01 7.856113091255348309e+02
2.800000000000000000e+01 1.424025567838647888e+01
2.900000000000000000e+01 7.672822826183479883e+00
3.000000000000000000e+01 1.211684313137410740e+01
3.100000000000000000e+01 8.227632953223498191e+00
3.200000000000000000e+01 4.973923166644278353e+03
3.300000000000000000e+01 1.033341365435623516e+01
3.400000000000000000e+01 1.461980812579115445e+04
3.500000000000000000e+01 2.296842113880411489e+04
3.600000000000000000e+01 2.436600292671710486e+04
3.700000000000000000e+01 2.435696077841005172e+04
3.800000000000000000e+01 2.433295052091483012e+04
3.900000000000000000e+01 2.433607153474448569e+04
4.000000000000000000e+01 2.433642477821638022e+04
4.100000000000000000e+01 2.433572275177358097e+04
4.200000000000000000e+01 2.625163791838508769e+04
4.300000000000000000e+01 2.433853894690013112e+04
4.400000000000000000e+01 2.433533038978988043e+04
4.500000000000000000e+01 2.433424693263421796e+04
4.600000000000000000e+01 2.432772098319473662e+04
4.700000000000000000e+01 2.433784170801946311e+04
4.800000000000000000e+01 2.432674841818650020e+04
4.900000000000000000e+01 2.433701408700230968e+04
5.000000000000000000e+01 2.433832268504002059e+04
5.100000000000000000e+01 2.532632582767715940e+04
5.200000000000000000e+01 2.433737729215944273e+04
5.300000000000000000e+01 2.806706676204513496e+04
5.400000000000000000e+01 2.432136621937312884e+04
5.500000000000000000e+01 2.433700004985586565e+04
5.600000000000000000e+01 2.433605087411876593e+04
5.700000000000000000e+01 2.433274260818029870e+04
5.800000000000000000e+01 2.433300166943867953e+04
5.900000000000000000e+01 3.315339410585258156e+04
6.000000000000000000e+01 2.433436320648358378e+04
6.100000000000000000e+01 3.318554561640007887e+04
6.200000000000000000e+01 2.433784308756329847e+04
6.300000000000000000e+01 2.433363324999582983e+04
6.400000000000000000e+01 3.318284877249348210e+04
6.500000000000000000e+01 2.433452577048042440e+04
6.600000000000000000e+01 2.432465234876513568e+04
6.700000000000000000e+01 3.318570630022031401e+04
6.800000000000000000e+01 2.430790710654168652e+04
6.900000000000000000e+01 3.317866006012398429e+04
7.000000000000000000e+01 2.433236406854642701e+04
7.100000000000000000e+01 3.496525599368401890e+04
7.200000000000000000e+01 3.318874589227298566e+04
7.300000000000000000e+01 3.319016317642708600e+04
7.400000000000000000e+01 3.496530527293738851e+04
7.500000000000000000e+01 3.274238763969849242e+04
7.600000000000000000e+01 4.074637648969525617e+04
7.700000000000000000e+01 2.431427741599148067e+04
7.800000000000000000e+01 3.315933804144864553e+04
7.900000000000000000e+01 3.318381276382289070e+04
8.000000000000000000e+01 3.318204384346256847e+04
8.100000000000000000e+01 3.318944626749870076e+04
8.200000000000000000e+01 3.318256138505651325e+04
8.300000000000000000e+01 3.308133842211322917e+04
8.400000000000000000e+01 3.318878120448737172e+04
8.500000000000000000e+01 3.318871364732201619e+04
8.600000000000000000e+01 3.316123603046786593e+04
8.700000000000000000e+01 3.317881705568830512e+04
8.800000000000000000e+01 3.317509883785997226e+04
8.900000000000000000e+01 3.276577227465796750e+04
9.000000000000000000e+01 3.317621593321051478e+04
9.100000000000000000e+01 4.076563881824810960e+04
9.200000000000000000e+01 3.315624371453353524e+04
9.300000000000000000e+01 3.318800065554268804e+04
9.400000000000000000e+01 3.318648044358378684e+04
9.500000000000000000e+01 3.318324641976818384e+04
9.600000000000000000e+01 3.823157471377936599e+04
9.700000000000000000e+01 3.467675112045939750e+04
9.800000000000000000e+01 3.318501021126704291e+04
9.900000000000000000e+01 3.318637288282896043e+04
1.000000000000000000e+02 3.318360794620207162e+04
1.010000000000000000e+02 4.073912146023942478e+04
1.020000000000000000e+02 3.276688344567278546e+04
1.030000000000000000e+02 3.316635853841256176e+04
1.040000000000000000e+02 3.318418204138772853e+04
1.050000000000000000e+02 3.317479810632299632e+04
1.060000000000000000e+02 3.356332482883251214e+04
1.070000000000000000e+02 3.356265804717034916e+04
1.080000000000000000e+02 3.701141175661383022e+04
1.090000000000000000e+02 3.356322353060753085e+04
1.100000000000000000e+02 3.320215795574552612e+04
1.110000000000000000e+02 3.356325498669799708e+04
1.120000000000000000e+02 3.354664188278010988e+04
1.130000000000000000e+02 3.296385594179811596e+04
1.140000000000000000e+02 3.346361164823383297e+04
1.150000000000000000e+02 3.356372654829088424e+04
1.160000000000000000e+02 3.318694028440849797e+04
1.170000000000000000e+02 3.355865614949933661e+04
1.180000000000000000e+02 2.837958012513832000e+04
1.190000000000000000e+02 2.886711405528881733e+04
1.200000000000000000e+02 3.356650075447039853e+04
1.210000000000000000e+02 3.355826596896262345e+04
1.220000000000000000e+02 3.533618635757666925e+04
1.230000000000000000e+02 3.356062601173074654e+04
1.240000000000000000e+02 3.356340847623965237e+04
1.250000000000000000e+02 3.356078573945121752e+04
1.260000000000000000e+02 3.356332622330942104e+04
1.270000000000000000e+02 3.355903163776367001e+04
1.280000000000000000e+02 3.335389649291707610e+04
1.290000000000000000e+02 3.356185916820092098e+04
1.300000000000000000e+02 3.355955341022526409e+04
1.310000000000000000e+02 3.356905415540702234e+04
1.320000000000000000e+02 3.355508016067923745e+04
1.330000000000000000e+02 3.354500787204717199e+04
1.340000000000000000e+02 3.356314401240351435e+04
1.350000000000000000e+02 3.316030243145056738e+04
1.360000000000000000e+02 3.355550914402621129e+04
1.370000000000000000e+02 3.356627877981482743e+04
1.380000000000000000e+02 3.356052976448023401e+04
1.390000000000000000e+02 3.699639832155573822e+04
1.400000000000000000e+02 3.355778064206588897e+04
1.410000000000000000e+02 3.355541021797190479e+04
1.420000000000000000e+02 3.318359570742198412e+04
1.430000000000000000e+02 3.356289746139069030e+04
1.440000000000000000e+02 3.356251926720053598e+04
1.450000000000000000e+02 3.318695114164114057e+04
1.460000000000000000e+02 3.356318490068575193e+04
1.470000000000000000e+02 3.355810129594451428e+04
1.480000000000000000e+02 3.346775037443491601e+04
1.490000000000000000e+02 3.356359926428260951e+04
1.500000000000000000e+02 3.356024775135174423e+04
1.510000000000000000e+02 3.356719963907801866e+04
1.520000000000000000e+02 3.337817791848618799e+04
1.530000000000000000e+02 3.356374357077373134e+04
1.540000000000000000e+02 3.355265085549861396e+04
1.550000000000000000e+02 3.352629584714469820e+04
1.560000000000000000e+02 3.356366205536104098e+04
1.570000000000000000e+02 3.354999706106453959e+04
1.580000000000000000e+02 3.318179165297156578e+04
1.590000000000000000e+02 3.356370322805727483e+04
1.600000000000000000e+02 3.356282968397160585e+04
1.610000000000000000e+02 3.356178906902586459e+04
1.620000000000000000e+02 3.355577243766684842e+04
1.630000000000000000e+02 3.355770633659078885e+04
1.640000000000000000e+02 3.356336591519355716e+04
1.650000000000000000e+02 3.355653376368565660e+04
1.660000000000000000e+02 3.356824283850936627e+04
1.670000000000000000e+02 3.356323744911577523e+04
1.680000000000000000e+02 3.353669092732686840e+04
1.690000000000000000e+02 3.356411996488902514e+04
1.700000000000000000e+02 3.318193530251455377e+04
1.710000000000000000e+02 3.356363295305561769e+04
1.720000000000000000e+02 3.353987272314458824e+04
1.730000000000000000e+02 3.345263683773718367e+04
1.740000000000000000e+02 3.355883253917107504e+04
1.750000000000000000e+02 3.355519093978991441e+04
1.760000000000000000e+02 3.355526114047127339e+04
1.770000000000000000e+02 3.258611891798392026e+04
1.780000000000000000e+02 3.355921895381271315e+04
1.790000000000000000e+02 3.356271832906889904e+04
1.800000000000000000e+02 3.356243066336614720e+04
1.810000000000000000e+02 3.356268649651144369e+04
1.820000000000000000e+02 3.356337352842731343e+04
1.830000000000000000e+02 3.371431306468581897e+04
1.840000000000000000e+02 3.356321545802795299e+04
1.850000000000000000e+02 3.356455325754905789e+04
1.860000000000000000e+02 3.356253167967793706e+04
1.870000000000000000e+02 3.355792085892039177e+04
1.880000000000000000e+02 3.356123790979302430e+04
1.890000000000000000e+02 3.356360877701737627e+04
1.900000000000000000e+02 3.355924247991906304e+04
1.910000000000000000e+02 3.200647424761416551e+04
1.920000000000000000e+02 3.355893657893353520e+04
1.930000000000000000e+02 3.997929477869384573e+04
1.940000000000000000e+02 3.356432224254843459e+04
1.950000000000000000e+02 3.356290891051598010e+04
1.960000000000000000e+02 3.355744551471561135e+04
1.970000000000000000e+02 3.355724011892091949e+04
1.980000000000000000e+02 3.356265543039869226e+04
1.990000000000000000e+02 3.355689041872422968e+04
2.000000000000000000e+02 3.352711432339934254e+04
2.010000000000000000e+02 3.356294992247972550e+04
2.020000000000000000e+02 3.335098221157884109e+04
2.030000000000000000e+02 3.351052041442399786e+04
2.040000000000000000e+02 3.356683700055632653e+04
2.050000000000000000e+02 3.337196604748121899e+04
2.060000000000000000e+02 3.353048266831365618e+04
2.070000000000000000e+02 3.200763244089663931e+04
2.080000000000000000e+02 3.353720137337744382e+04
2.090000000000000000e+02 3.355454459543518169e+04
2.100000000000000000e+02 3.356655753089990321e+04
2.110000000000000000e+02 4.318984929710622237e+04
2.120000000000000000e+02 3.356704392238475702e+04
2.130000000000000000e+02 3.356696244566013775e+04
2.140000000000000000e+02 3.356335137286056852e+04
2.150000000000000000e+02 3.345837135742201644e+04
2.160000000000000000e+02 3.346397945445695950e+04
2.170000000000000000e+02 3.356346613806084497e+04
2.180000000000000000e+02 3.356365533601820061e+04
2.190000000000000000e+02 3.356456595554802334e+04
2.200000000000000000e+02 3.352427485668427107e+04
2.210000000000000000e+02 3.356288152977676509e+04
2.220000000000000000e+02 4.317132797756470973e+04
2.230000000000000000e+02 3.350956114733142022e+04
2.240000000000000000e+02 3.356177680317508930e+04
2.250000000000000000e+02 3.199367146041093656e+04
2.260000000000000000e+02 3.345164039236688404e+04
2.270000000000000000e+02 3.915609541410084057e+04
2.280000000000000000e+02 3.355738194171932992e+04
2.290000000000000000e+02 3.356523435796656850e+04
2.300000000000000000e+02 3.355883351419400424e+04
2.310000000000000000e+02 3.354805427364436764e+04
2.320000000000000000e+02 3.356324743500211480e+04
2.330000000000000000e+02 3.355877307228147401e+04
2.340000000000000000e+02 3.310681280910527857e+04
2.350000000000000000e+02 3.355643981777322188e+04
2.360000000000000000e+02 3.356312637268313119e+04
2.370000000000000000e+02 3.348447529510486493e+04
2.380000000000000000e+02 3.356227625293320307e+04
2.390000000000000000e+02 3.356409120096975676e+04
2.400000000000000000e+02 3.370641562237554899e+04
2.410000000000000000e+02 3.354747917396285629e+04
2.420000000000000000e+02 3.305353979464772419e+04
2.430000000000000000e+02 3.355799141204789339e+04
2.440000000000000000e+02 3.354971716653813201e+04
2.450000000000000000e+02 3.354857079451082973e+04
2.460000000000000000e+02 3.356253269651404844e+04
2.470000000000000000e+02 3.352727827648934908e+04
2.480000000000000000e+02 3.355538968631663738e+04
2.490000000000000000e+02 3.340888527586231794e+04
2.500000000000000000e+02 3.356439249758623191e+04
2.510000000000000000e+02 3.355516239855154708e+04
2.520000000000000000e+02 3.356544551438251074e+04
2.530000000000000000e+02 3.355967187528913928e+04
2.540000000000000000e+02 3.346890339976524410e+04
2.550000000000000000e+02 3.356283133057529631e+04
2.560000000000000000e+02 3.354844149779559666e+04
2.570000000000000000e+02 3.353307592208880669e+04
2.580000000000000000e+02 3.356279617722977127e+04
2.590000000000000000e+02 3.360329406432966061e+04
2.600000000000000000e+02 3.355812979527637071e+04
2.610000000000000000e+02 3.356352970486289996e+04
2.620000000000000000e+02 3.356137555326774600e+04
2.630000000000000000e+02 3.355615553381996870e+04
2.640000000000000000e+02 3.200558848522822882e+04
2.650000000000000000e+02 3.356058091526768112e+04
2.660000000000000000e+02 3.354870979018104117e+04
2.670000000000000000e+02 3.352083882583920058e+04
2.680000000000000000e+02 3.356067624177540711e+04
2.690000000000000000e+02 3.351566152754157520e+04
2.700000000000000000e+02 3.354323680504275399e+04
2.710000000000000000e+02 3.355839335224636307e+04
2.720000000000000000e+02 3.354446903553349694e+04
2.730000000000000000e+02 3.355592887294582033e+04
2.740000000000000000e+02 2.119821102248270108e+04
2.750000000000000000e+02 3.355924235026494716e+04
2.760000000000000000e+02 3.355637941763787239e+04
2.770000000000000000e+02 3.349913427177177073e+04
2.780000000000000000e+02 3.356182615288652596e+04
2.790000000000000000e+02 3.249063873234731727e+04
2.800000000000000000e+02 3.355794046057977539e+04
2.810000000000000000e+02 3.356201724866989389e+04
2.820000000000000000e+02 3.355621427703066729e+04
2.830000000000000000e+02 3.355830251162673085e+04
2.840000000000000000e+02 3.356236322926609137e+04
2.850000000000000000e+02 3.356257225206516159e+04
2.860000000000000000e+02 3.312853258310311503e+04
2.870000000000000000e+02 3.858551905915033421e+04
2.880000000000000000e+02 3.356190426095369912e+04
2.890000000000000000e+02 3.355556712964908365e+04
2.900000000000000000e+02 3.668123290808189631e+04
2.910000000000000000e+02 3.353289734722701542e+04
2.920000000000000000e+02 3.354037510753651441e+04
2.930000000000000000e+02 3.200933311525339377e+04
2.940000000000000000e+02 3.356510377287976007e+04
2.950000000000000000e+02 3.355510391570964566e+04
2.960000000000000000e+02 3.355686892071680631e+04
2.970000000000000000e+02 3.355914136978013266e+04
2.980000000000000000e+02 3.328426756039266184e+04
2.990000000000000000e+02 3.356665497191780014e+04
3.000000000000000000e+02 3.492484303920327511e+04
3.010000000000000000e+02 3.349593541256669414e+04
3.020000000000000000e+02 3.356216929612281092e+04
3.030000000000000000e+02 3.356044064888805588e+04
3.040000000000000000e+02 3.352512638580876956e+04
3.050000000000000000e+02 3.356178907167540456e+04
3.060000000000000000e+02 3.356127356324518041e+04
3.070000000000000000e+02 3.356287187654190348e+04
3.080000000000000000e+02 3.356350178963178769e+04
3.090000000000000000e+02 3.356045952730237332e+04
3.100000000000000000e+02 3.355411074040702078e+04
3.110000000000000000e+02 3.356163466196112131e+04
3.120000000000000000e+02 3.564197155894901516e+04
3.130000000000000000e+02 3.356583475811343669e+04
3.140000000000000000e+02 3.356213889695573016e+04
3.150000000000000000e+02 3.199930951933025426e+04
3.160000000000000000e+02 3.356569966649581329e+04
3.170000000000000000e+02 3.355567344293565839e+04
3.180000000000000000e+02 3.355960157452461135e+04
3.190000000000000000e+02 3.355293735788024060e+04
3.200000000000000000e+02 3.354588113303935825e+04
3.210000000000000000e+02 3.356179954362901481e+04
3.220000000000000000e+02 3.334267684724061110e+04
3.230000000000000000e+02 3.349163645511020150e+04
3.240000000000000000e+02 3.347397265882155625e+04
3.250000000000000000e+02 3.355590023568106699e+04
3.260000000000000000e+02 3.355667331301281956e+04
3.270000000000000000e+02 3.356253156344412855e+04
3.280000000000000000e+02 3.356190849849184451e+04
3.290000000000000000e+02 3.355669506759848446e+04
3.300000000000000000e+02 3.355955532822695386e+04
3.310000000000000000e+02 3.194680709941265013e+04
3.320000000000000000e+02 3.356180070575590071e+04
3.330000000000000000e+02 3.353155521196847985e+04
3.340000000000000000e+02 3.355758360488131439e+04
3.350000000000000000e+02 3.356894004394223157e+04
3.360000000000000000e+02 3.289908284111435205e+04
3.370000000000000000e+02 3.357029055829589197e+04
3.380000000000000000e+02 3.356212239362306718e+04
3.390000000000000000e+02 3.199955680208526974e+04
3.400000000000000000e+02 3.315026343066027766e+04
3.410000000000000000e+02 3.428672285474625824e+04
3.420000000000000000e+02 3.354488519211280072e+04
3.430000000000000000e+02 3.356139004893069796e+04
3.440000000000000000e+02 3.354022976650109922e+04
3.450000000000000000e+02 3.541913359506543202e+04
3.460000000000000000e+02 3.353287441872108320e+04
3.470000000000000000e+02 3.342954572722689045e+04
3.480000000000000000e+02 3.353956112166060484e+04
3.490000000000000000e+02 3.356106062731910788e+04
3.500000000000000000e+02 3.200054374746280882e+04
3.510000000000000000e+02 3.356119859629819985e+04
3.520000000000000000e+02 3.356487561590143741e+04
3.530000000000000000e+02 3.356314126644991484e+04
3.540000000000000000e+02 3.356203556025934085e+04
3.550000000000000000e+02 3.356175428282238136e+04
3.560000000000000000e+02 3.356230832331124111e+04
3.570000000000000000e+02 3.355688658561220655e+04
3.580000000000000000e+02 3.352636860736954259e+04
3.590000000000000000e+02 3.355295430227563338e+04
3.600000000000000000e+02 3.348322026593433839e+04
3.610000000000000000e+02 3.157287290270266385e+04
3.620000000000000000e+02 3.354648727830105781e+04
3.630000000000000000e+02 3.355905452143000730e+04
3.640000000000000000e+02 3.350029694385371113e+04
3.650000000000000000e+02 3.356182034210280835e+04
3.660000000000000000e+02 3.353726891007577797e+04
3.670000000000000000e+02 3.356028996504083625e+04
3.680000000000000000e+02 3.305972148968121473e+04
3.690000000000000000e+02 3.512875519461857766e+04
3.700000000000000000e+02 3.196065155213671824e+04
3.710000000000000000e+02 3.355342493611035752e+04
3.720000000000000000e+02 3.354719843412311457e+04
3.730000000000000000e+02 3.395198055236784421e+04
3.740000000000000000e+02 3.355266561877798813e+04
3.750000000000000000e+02 3.356187285066291224e+04
3.760000000000000000e+02 3.356438677936467866e+04
3.770000000000000000e+02 3.355184380952452193e+04
3.780000000000000000e+02 3.355823373892651580e+04
3.790000000000000000e+02 3.546814076154171198e+04
3.800000000000000000e+02 3.356161510672919394e+04
3.810000000000000000e+02 3.355178835211707337e+04
3.820000000000000000e+02 3.355192068903404288e+04
3.830000000000000000e+02 3.356333764716007136e+04
3.840000000000000000e+02 3.356349427934945561e+04
3.850000000000000000e+02 4.451086283158787410e+04
3.860000000000000000e+02 3.354446385537315655e+04
3.870000000000000000e+02 3.356419374823793623e+04
3.880000000000000000e+02 3.354961544631926517e+04
3.890000000000000000e+02 3.356441328469403379e+04
3.900000000000000000e+02 3.356176944540945260e+04
3.910000000000000000e+02 3.356444483570412558e+04
3.920000000000000000e+02 3.595584837105243787e+04
3.930000000000000000e+02 3.355918360986763582e+04
3.940000000000000000e+02 3.355298336399866821e+04
3.950000000000000000e+02 3.352723991241126350e+04
3.960000000000000000e+02 3.340624884008855588e+04
3.970000000000000000e+02 3.356147468463610858e+04
3.980000000000000000e+02 3.355827432936812693e+04
3.990000000000000000e+02 3.356170249559413787e+04
4.000000000000000000e+02 3.352017294736600888e+04
4.010000000000000000e+02 3.356269588364967785e+04
4.020000000000000000e+02 3.356179045355379640e+04
4.030000000000000000e+02 3.389271207718981896e+04
4.040000000000000000e+02 3.354921867981501418e+04
4.050000000000000000e+02 3.355697124238861579e+04
4.060000000000000000e+02 3.355426877432595938e+04
4.070000000000000000e+02 3.356185976343970106e+04
4.080000000000000000e+02 3.356154853639555222e+04
4.090000000000000000e+02 3.356162733280778775e+04
4.100000000000000000e+02 3.356109635840116971e+04
4.110000000000000000e+02 3.356101197494901862e+04
4.120000000000000000e+02 3.355745280262575398e+04
4.130000000000000000e+02 3.354404990118528076e+04
4.140000000000000000e+02 3.355003199563121598e+04
4.150000000000000000e+02 3.355664901189775992e+04
4.160000000000000000e+02 3.356891702706916840e+04
4.170000000000000000e+02 3.356160815931358957e+04
4.180000000000000000e+02 3.353634875967550033e+04
4.190000000000000000e+02 3.355762105677961517e+04
4.200000000000000000e+02 3.356248872270239372e+04
4.210000000000000000e+02 3.338519085240374261e+04
4.220000000000000000e+02 3.356152112754408881e+04
4.230000000000000000e+02 3.356012177188747592e+04
4.240000000000000000e+02 3.355016595741008496e+04
4.250000000000000000e+02 3.356257047644819977e+04
4.260000000000000000e+02 3.355004308198088984e+04
4.270000000000000000e+02 3.354014715177565085e+04
4.280000000000000000e+02 3.956183190754478710e+04
4.290000000000000000e+02 3.955690657939415541e+04
4.300000000000000000e+02 3.956489257005941181e+04
4.310000000000000000e+02 3.955975753320760123e+04
4.320000000000000000e+02 3.956169220484568359e+04
4.330000000000000000e+02 3.956145409844048118e+04
4.340000000000000000e+02 3.955965546682543209e+04
4.350000000000000000e+02 3.958078669617827836e+04
4.360000000000000000e+02 3.924181879965022381e+04
4.370000000000000000e+02 3.940395570064282219e+04
4.380000000000000000e+02 3.955839284277591651e+04
4.390000000000000000e+02 3.953696732150480966e+04
4.400000000000000000e+02 3.955224830832346925e+04
4.410000000000000000e+02 3.956260693776846165e+04
4.420000000000000000e+02 3.940694069065957592e+04
4.430000000000000000e+02 3.922165095820513670e+04
4.440000000000000000e+02 3.799985279608607379e+04
4.450000000000000000e+02 3.956211862343113899e+04
4.460000000000000000e+02 3.955069859893366083e+04
4.470000000000000000e+02 3.954962187592741975e+04
4.480000000000000000e+02 3.954904826908407995e+04
4.490000000000000000e+02 3.663257048077407671e+04
4.500000000000000000e+02 3.952451747929326666e+04
4.510000000000000000e+02 3.956335711958636239e+04
4.520000000000000000e+02 3.955127612076555670e+04
4.530000000000000000e+02 3.956184882690633822e+04
4.540000000000000000e+02 3.800667300180764141e+04
4.550000000000000000e+02 3.954555875783284864e+04
4.560000000000000000e+02 3.956331619806030358e+04
4.570000000000000000e+02 3.955586247369221383e+04
4.580000000000000000e+02 3.956277241503899859e+04
4.590000000000000000e+02 3.955990596737228043e+04
4.600000000000000000e+02 3.956535423542090575e+04
4.610000000000000000e+02 3.956189380842448008e+04
4.620000000000000000e+02 3.931491225289339491e+04
4.630000000000000000e+02 3.999655480106217146e+04
4.640000000000000000e+02 3.956420588337242953e+04
4.650000000000000000e+02 3.955969998545288399e+04
4.660000000000000000e+02 3.956171457846341946e+04
4.670000000000000000e+02 3.956362475519285363e+04
4.680000000000000000e+02 3.955783002445117745e+04
4.690000000000000000e+02 3.953720864751148474e+04
4.700000000000000000e+02 3.953876299793094222e+04
4.710000000000000000e+02 3.955772631259392074e+04
4.720000000000000000e+02 3.952707660545127146e+04
4.730000000000000000e+02 4.283077896999860968e+04
4.740000000000000000e+02 3.795694294742016791e+04
4.750000000000000000e+02 3.956105051904100401e+04
4.760000000000000000e+02 3.954031875289400341e+04
4.770000000000000000e+02 3.956250513205897005e+04
4.780000000000000000e+02 3.912190375463816599e+04
4.790000000000000000e+02 3.955538749730034033e+04
4.800000000000000000e+02 3.956404087636095210e+04
4.810000000000000000e+02 3.955938411399798497e+04
4.820000000000000000e+02 3.956270124195028620e+04
4.830000000000000000e+02 3.956147799100041448e+04
4.840000000000000000e+02 3.956209464056971774e+04
4.850000000000000000e+02 3.956231148606930947e+04
4.860000000000000000e+02 3.956191986557898053e+04
4.870000000000000000e+02 3.955964420216506551e+04
4.880000000000000000e+02 3.955855262060520181e+04
4.890000000000000000e+02 3.956611486471710668e+04
4.900000000000000000e+02 3.952281596517033904e+04
4.910000000000000000e+02 3.955981051228853175e+04
4.920000000000000000e+02 3.956144367563624837e+04
4.930000000000000000e+02 3.955859159642518352e+04
4.940000000000000000e+02 4.587296136018841935e+04
4.950000000000000000e+02 3.956594121106381499e+04
4.960000000000000000e+02 3.956126728092718258e+04
4.970000000000000000e+02 3.956242568799658329e+04
4.980000000000000000e+02 3.800661949858751905e+04
4.990000000000000000e+02 3.956196262163249048e+04
5.000000000000000000e+02 3.956174393568331288e+04
5.010000000000000000e+02 3.952514721622670913e+04
5.020000000000000000e+02 3.948272789839322650e+04
5.030000000000000000e+02 3.956101779223354242e+04
5.040000000000000000e+02 3.955692441100948781e+04
5.050000000000000000e+02 3.956672971378876537e+04
5.060000000000000000e+02 3.956215949506863399e+04
5.070000000000000000e+02 3.784927058988127101e+04
5.080000000000000000e+02 3.955949337201750313e+04
5.090000000000000000e+02 3.956276768642027309e+04
5.100000000000000000e+02 3.951076393772723532e+04
5.110000000000000000e+02 3.935925441531312390e+04
5.120000000000000000e+02 3.956271108478489623e+04
5.130000000000000000e+02 3.954182630164707371e+04
5.140000000000000000e+02 3.940355880431269179e+04
5.150000000000000000e+02 3.956028315932616533e+04
5.160000000000000000e+02 3.949345579371655913e+04
5.170000000000000000e+02 3.956649222048749652e+04
5.180000000000000000e+02 4.368879066748398327e+04
5.190000000000000000e+02 3.954990670230317482e+04
5.200000000000000000e+02 3.956154930029790557e+04
5.210000000000000000e+02 3.929343416339255054e+04
5.220000000000000000e+02 4.165218702462757938e+04
5.230000000000000000e+02 3.955930595093835291e+04
5.240000000000000000e+02 3.848629083405740676e+04
5.250000000000000000e+02 3.956383498538703134e+04
5.260000000000000000e+02 3.925119553061159968e+04
5.270000000000000000e+02 3.956153792174698174e+04
5.280000000000000000e+02 3.956869377056914527e+04
5.290000000000000000e+02 3.956506026547098008e+04
5.300000000000000000e+02 3.956148301801044727e+04
5.310000000000000000e+02 3.995451299329630274e+04
5.320000000000000000e+02 3.954170452987198223e+04
5.330000000000000000e+02 3.951725934477291594e+04
5.340000000000000000e+02 3.955906917042257555e+04
5.350000000000000000e+02 3.956239339793659019e+04
5.360000000000000000e+02 3.955980783879938826e+04
5.370000000000000000e+02 3.956138369022002735e+04
5.380000000000000000e+02 3.953608430781366042e+04
5.390000000000000000e+02 3.957569881814529799e+04
5.400000000000000000e+02 3.954560195437249058e+04
5.410000000000000000e+02 3.956493190689878247e+04
5.420000000000000000e+02 3.956345377100345650e+04
5.430000000000000000e+02 3.956124342973552848e+04
5.440000000000000000e+02 3.889616265406521416e+04
5.450000000000000000e+02 3.952659498290175543e+04
5.460000000000000000e+02 3.956224876016886265e+04
5.470000000000000000e+02 3.956421349313344399e+04
5.480000000000000000e+02 3.956185334242204408e+04
5.490000000000000000e+02 3.955897516419414751e+04
5.500000000000000000e+02 3.956324592994638078e+04
5.510000000000000000e+02 3.954847257663882920e+04
5.520000000000000000e+02 3.916020766128309333e+04
5.530000000000000000e+02 3.956328111178818654e+04
5.540000000000000000e+02 3.754272146525202697e+04
5.550000000000000000e+02 3.908796184095855278e+04
5.560000000000000000e+02 3.956149977364965889e+04
5.570000000000000000e+02 3.956179121218924411e+04
5.580000000000000000e+02 3.934024161653193005e+04
5.590000000000000000e+02 3.956054574387560569e+04
5.600000000000000000e+02 3.956301765940200130e+04
5.610000000000000000e+02 3.955633392273916979e+04
5.620000000000000000e+02 3.956359229164691351e+04
5.630000000000000000e+02 3.956155157452422281e+04
5.640000000000000000e+02 3.955552582995760895e+04
5.650000000000000000e+02 3.948939605723502609e+04
5.660000000000000000e+02 3.952243450605691032e+04
5.670000000000000000e+02 3.955904412045582285e+04
5.680000000000000000e+02 3.956141353361876827e+04
5.690000000000000000e+02 3.955107637234246067e+04
5.700000000000000000e+02 3.955569586289337894e+04
5.710000000000000000e+02 3.952252634813756595e+04
5.720000000000000000e+02 3.956086388285689463e+04
5.730000000000000000e+02 3.956485589055726450e+04
5.740000000000000000e+02 3.956133401991875871e+04
5.750000000000000000e+02 3.953449178056047822e+04
5.760000000000000000e+02 3.956074566514748585e+04
5.770000000000000000e+02 3.955947620402674511e+04
5.780000000000000000e+02 3.956019177286078047e+04
5.790000000000000000e+02 3.940405755039563519e+04
5.800000000000000000e+02 3.885347388294717530e+04
5.810000000000000000e+02 3.956430889122231019e+04
5.820000000000000000e+02 3.956177658070693724e+04
5.830000000000000000e+02 3.785470153050080262e+04
5.840000000000000000e+02 3.947693791007407708e+04
5.850000000000000000e+02 3.956185212831301033e+04
5.860000000000000000e+02 3.799337725173884246e+04
5.870000000000000000e+02 3.800301139549769141e+04
5.880000000000000000e+02 3.451520957317754801e+04
5.890000000000000000e+02 3.954820208629560511e+04
5.900000000000000000e+02 3.956147384571504517e+04
5.910000000000000000e+02 3.956177451897928404e+04
5.920000000000000000e+02 3.955620876972172118e+04
5.930000000000000000e+02 3.956169817332537787e+04
5.940000000000000000e+02 3.955807771031752054e+04
5.950000000000000000e+02 3.956278045935503178e+04
5.960000000000000000e+02 3.955648823063452437e+04
5.970000000000000000e+02 3.955774142008375202e+04
5.980000000000000000e+02 3.454576778437944449e+04
5.990000000000000000e+02 3.942549608505318611e+04
6.000000000000000000e+02 3.954605452552238421e+04
6.010000000000000000e+02 3.953801867337232397e+04
6.020000000000000000e+02 3.955236402142945008e+04
6.030000000000000000e+02 3.956389629658815829e+04
6.040000000000000000e+02 3.936153219127452758e+04
6.050000000000000000e+02 3.955718301095358765e+04
6.060000000000000000e+02 3.799532050081876514e+04
6.070000000000000000e+02 4.233867524113813124e+04
6.080000000000000000e+02 3.955162361708740355e+04
6.090000000000000000e+02 3.938758300519857585e+04
6.100000000000000000e+02 3.955961586120098218e+04
6.110000000000000000e+02 3.955919679813710536e+04
6.120000000000000000e+02 3.956419852007465670e+04
6.130000000000000000e+02 4.068326142566203634e+04
6.140000000000000000e+02 3.956161234869772306e+04
6.150000000000000000e+02 3.956490551173648419e+04
6.160000000000000000e+02 3.877510232422844274e+04
6.170000000000000000e+02 3.955561161324418208e+04
6.180000000000000000e+02 3.956047219220091210e+04
6.190000000000000000e+02 3.956797663873777492e+04
6.200000000000000000e+02 3.956226735716820986e+04
6.210000000000000000e+02 3.955816882405178330e+04
6.220000000000000000e+02 3.940544645345139725e+04
6.230000000000000000e+02 3.954966326437499811e+04
6.240000000000000000e+02 3.956189211106855510e+04
6.250000000000000000e+02 3.907308735713201895e+04
6.260000000000000000e+02 3.956192189011278970e+04
6.270000000000000000e+02 3.952986763244374742e+04
6.280000000000000000e+02 3.955401159867965907e+04
6.290000000000000000e+02 3.954105710549184732e+04
6.300000000000000000e+02 3.954619711717109021e+04
6.310000000000000000e+02 3.955742984327187878e+04
6.320000000000000000e+02 3.954445209916016029e+04
6.330000000000000000e+02 3.914438369341168436e+04
6.340000000000000000e+02 3.956192877177121409e+04
6.350000000000000000e+02 3.955920856323421322e+04
6.360000000000000000e+02 3.956911521901412925e+04
6.370000000000000000e+02 3.956188137660762004e+04
6.380000000000000000e+02 3.948290457604105177e+04
6.390000000000000000e+02 3.956130006219990173e+04
6.400000000000000000e+02 3.955103883676273836e+04
6.410000000000000000e+02 3.955881662782387866e+04
6.420000000000000000e+02 3.953710653031955007e+04
6.430000000000000000e+02 3.956161879917186161e+04
6.440000000000000000e+02 3.956141033359362336e+04
6.450000000000000000e+02 3.955443888554822479e+04
6.460000000000000000e+02 3.954251919076401100e+04
6.470000000000000000e+02 3.954040799984135083e+04
6.480000000000000000e+02 3.956169809561922739e+04
6.490000000000000000e+02 3.951802298168405832e+04
6.500000000000000000e+02 3.889350912088391487e+04
6.510000000000000000e+02 3.955416118171971902e+04
6.520000000000000000e+02 3.955567577578302007e+04
6.530000000000000000e+02 3.955813761061250261e+04
6.540000000000000000e+02 3.954205576676176133e+04
6.550000000000000000e+02 3.955614228628217097e+04
6.560000000000000000e+02 3.956538419391524803e+04
6.570000000000000000e+02 3.956401831594484247e+04
6.580000000000000000e+02 3.955204729421870434e+04
6.590000000000000000e+02 3.955790457485996740e+04
6.600000000000000000e+02 3.939064400749821652e+04
6.610000000000000000e+02 3.912802670245175250e+04
6.620000000000000000e+02 3.955861351341051341e+04
6.630000000000000000e+02 3.956335006893760146e+04
6.640000000000000000e+02 3.956154768238009274e+04
6.650000000000000000e+02 3.955882423234256567e+04
6.660000000000000000e+02 3.955698538092358649e+04
6.670000000000000000e+02 3.955672960165955737e+04
6.680000000000000000e+02 3.951921527491143206e+04
6.690000000000000000e+02 3.955669749035451241e+04
6.700000000000000000e+02 3.956202923345391173e+04
6.710000000000000000e+02 3.956152649129221390e+04
6.720000000000000000e+02 3.955269153529407049e+04
6.730000000000000000e+02 3.890535115847320412e+04
6.740000000000000000e+02 3.955842737230979401e+04
6.750000000000000000e+02 3.955978295308897941e+04
6.760000000000000000e+02 3.955634485497471178e+04
6.770000000000000000e+02 3.956144635253296292e+04
6.780000000000000000e+02 3.955616159321933810e+04
6.790000000000000000e+02 3.944990573899645824e+04
6.800000000000000000e+02 3.798882419950461190e+04
6.810000000000000000e+02 3.780653741639521468e+04
6.820000000000000000e+02 3.893364240887448250e+04
6.830000000000000000e+02 3.956146416762502486e+04
6.840000000000000000e+02 3.955646719630574080e+04
6.850000000000000000e+02 3.948470755792888667e+04
6.860000000000000000e+02 3.956156835195906024e+04
6.870000000000000000e+02 3.955232742662387318e+04
6.880000000000000000e+02 3.956164861602464225e+04
6.890000000000000000e+02 3.956504226905589894e+04
6.900000000000000000e+02 3.799996890619328042e+04
6.910000000000000000e+02 3.954634150292439153e+04
6.920000000000000000e+02 3.956167451943163906e+04
6.930000000000000000e+02 3.799652299350553949e+04
6.940000000000000000e+02 3.956522720589492383e+04
6.950000000000000000e+02 3.888999938734345778e+04
6.960000000000000000e+02 3.956509612825282238e+04
6.970000000000000000e+02 3.956223832774839684e+04
6.980000000000000000e+02 3.795392050872712571e+04
6.990000000000000000e+02 3.956163610005677765e+04
7.000000000000000000e+02 3.953039145223035302e+04
7.010000000000000000e+02 3.956150402926627430e+04
7.020000000000000000e+02 3.956131705482211692e+04
7.030000000000000000e+02 3.956251948108509532e+04
7.040000000000000000e+02 3.758677854223217582e+04
7.050000000000000000e+02 3.956139779892550723e+04
7.060000000000000000e+02 3.887909396312045283e+04
7.070000000000000000e+02 3.956106755194500147e+04
7.080000000000000000e+02 3.956898076020262670e+04
7.090000000000000000e+02 3.955699886293052987e+04
7.100000000000000000e+02 3.955280322400264413e+04
7.110000000000000000e+02 3.954997352143298485e+04
7.120000000000000000e+02 3.955372114341255656e+04
7.130000000000000000e+02 3.950172549217053165e+04
7.140000000000000000e+02 3.952909462123496633e+04
7.150000000000000000e+02 3.956563503203865548e+04
7.160000000000000000e+02 3.941411684444193088e+04
7.170000000000000000e+02 3.955896970817058173e+04
7.180000000000000000e+02 3.956206673118987237e+04
7.190000000000000000e+02 3.956583970973246323e+04
7.200000000000000000e+02 3.954085233732780762e+04
7.210000000000000000e+02 3.955115071936222375e+04
7.220000000000000000e+02 3.930366540320056083e+04
7.230000000000000000e+02 3.956253251873153204e+04
7.240000000000000000e+02 3.799312090408448421e+04
7.250000000000000000e+02 3.956286793490711716e+04
7.260000000000000000e+02 3.954611773536703549e+04
7.270000000000000000e+02 3.956124882899406657e+04
7.280000000000000000e+02 4.339565593646250636e+04
7.290000000000000000e+02 3.956043411934139294e+04
7.300000000000000000e+02 3.956356619732852414e+04
7.310000000000000000e+02 3.955569691704849538e+04
7.320000000000000000e+02 3.954105859615886584e+04
7.330000000000000000e+02 3.955559304780146340e+04
7.340000000000000000e+02 3.956237911554968741e+04
7.350000000000000000e+02 3.800449979651190370e+04
7.360000000000000000e+02 3.955254603443324595e+04
7.370000000000000000e+02 3.954843693123348930e+04
7.380000000000000000e+02 3.955946583944812301e+04
7.390000000000000000e+02 3.955546886669350351e+04
7.400000000000000000e+02 3.951662299814548896e+04
7.410000000000000000e+02 3.955867775160626479e+04
7.420000000000000000e+02 3.952748968743982550e+04
7.430000000000000000e+02 3.954300991069179145e+04
7.440000000000000000e+02 3.955245979114958027e+04
7.450000000000000000e+02 3.798213898452759895e+04
7.460000000000000000e+02 3.800516261757275061e+04
7.470000000000000000e+02 3.890527705292610335e+04
7.480000000000000000e+02 3.800282221974908316e+04
7.490000000000000000e+02 3.955634421285871940e+04
7.500000000000000000e+02 3.914090855755234952e+04
7.510000000000000000e+02 3.956254507234194170e+04
7.520000000000000000e+02 3.955625788420543540e+04
7.530000000000000000e+02 3.800290115002662060e+04
7.540000000000000000e+02 3.955066139423474669e+04
7.550000000000000000e+02 3.955783339507479832e+04
7.560000000000000000e+02 3.965939210476694279e+04
7.570000000000000000e+02 3.956212046057405678e+04
7.580000000000000000e+02 3.791813613187685405e+04
7.590000000000000000e+02 3.956266632723041403e+04
7.600000000000000000e+02 3.800786792201922799e+04
7.610000000000000000e+02 3.955841026753371261e+04
7.620000000000000000e+02 3.956275445474244771e+04
7.630000000000000000e+02 3.948427041294258379e+04
7.640000000000000000e+02 3.916731664603938407e+04
7.650000000000000000e+02 3.798236374922137475e+04
7.660000000000000000e+02 3.946896586047119490e+04
7.670000000000000000e+02 3.955727230699964275e+04
7.680000000000000000e+02 3.955833831874089083e+04
7.690000000000000000e+02 3.956376203249835089e+04
7.700000000000000000e+02 3.956134703566631651e+04
7.710000000000000000e+02 3.955026045758735563e+04
7.720000000000000000e+02 3.953082022717429936e+04
7.730000000000000000e+02 3.956630981074757437e+04
7.740000000000000000e+02 3.956275528472564474e+04
7.750000000000000000e+02 3.947547365353815985e+04
7.760000000000000000e+02 3.956293867835027049e+04
7.770000000000000000e+02 3.956260565588629106e+04
7.780000000000000000e+02 3.956299700581584329e+04
7.790000000000000000e+02 3.956563799731917970e+04
7.800000000000000000e+02 3.955283975459759677e+04
7.810000000000000000e+02 3.956226075136057625e+04
7.820000000000000000e+02 3.954469003621542652e+04
7.830000000000000000e+02 3.954475315165000211e+04
7.840000000000000000e+02 3.956971763628556801e+04
7.850000000000000000e+02 3.956243481408373191e+04
7.860000000000000000e+02 3.955593285292599467e+04
7.870000000000000000e+02 3.799398158406437142e+04
7.880000000000000000e+02 3.955900019069224072e+04
7.890000000000000000e+02 3.950237040481463919e+04
7.900000000000000000e+02 3.955870219425841060e+04
7.910000000000000000e+02 3.953191788350041315e+04
7.920000000000000000e+02 3.954406222154575516e+04
7.930000000000000000e+02 3.665614618705189059e+04
7.940000000000000000e+02 3.956325377000281878e+04
7.950000000000000000e+02 3.942827909870290023e+04
7.960000000000000000e+02 3.956463795240260515e+04
7.970000000000000000e+02 3.952841948494214739e+04
7.980000000000000000e+02 3.955629909482727817e+04
7.990000000000000000e+02 3.956124554757185251e+04
8.000000000000000000e+02 3.799539879112307972e+04
8.010000000000000000e+02 3.956276935616969422e+04
8.020000000000000000e+02 3.798474294260767783e+04
8.030000000000000000e+02 3.800801601575713721e+04
8.040000000000000000e+02 3.956307890817506268e+04
8.050000000000000000e+02 3.948682332643915288e+04
8.060000000000000000e+02 3.956354231657680066e+04
8.070000000000000000e+02 3.956340517646732769e+04
8.080000000000000000e+02 3.951245946201308834e+04
8.090000000000000000e+02 3.779815123413717811e+04
8.100000000000000000e+02 3.956140338946699922e+04
8.110000000000000000e+02 3.956281413224480639e+04
8.120000000000000000e+02 4.049645750102843886e+04
8.130000000000000000e+02 3.955171116262497526e+04
8.140000000000000000e+02 3.911488388238604966e+04
8.150000000000000000e+02 3.934850143502590072e+04
8.160000000000000000e+02 3.956273839142890938e+04
8.170000000000000000e+02 3.798645617937723000e+04
8.180000000000000000e+02 3.953797583889019006e+04
8.190000000000000000e+02 3.956154714742772194e+04
8.200000000000000000e+02 3.956222594945256424e+04
8.210000000000000000e+02 3.458469971953475761e+04
8.220000000000000000e+02 3.796874280983582867e+04
8.230000000000000000e+02 3.956270433440487250e+04
8.240000000000000000e+02 3.956181351131222618e+04
8.250000000000000000e+02 3.956189179619627976e+04
8.260000000000000000e+02 3.799916953620017739e+04
8.270000000000000000e+02 3.956430622209556168e+04
8.280000000000000000e+02 3.956344044119423779e+04
8.290000000000000000e+02 3.956290077644349367e+04
8.300000000000000000e+02 3.799330053291624790e+04
8.310000000000000000e+02 3.955843374954094907e+04
8.320000000000000000e+02 3.955954188952763798e+04
8.330000000000000000e+02 3.956453944430986303e+04
8.340000000000000000e+02 3.938951857811913214e+04
8.350000000000000000e+02 3.799339610849582095e+04
8.360000000000000000e+02 3.956516852983926947e+04
8.370000000000000000e+02 3.800747202427434968e+04
8.380000000000000000e+02 3.956255001509685826e+04
8.390000000000000000e+02 3.955373802715491911e+04
8.400000000000000000e+02 3.954474630225954024e+04
8.410000000000000000e+02 3.954987790436706564e+04
8.420000000000000000e+02 3.956291733260398905e+04
8.430000000000000000e+02 3.955740684091966250e+04
8.440000000000000000e+02 3.937669686817535694e+04
8.450000000000000000e+02 3.955546384515176760e+04
8.460000000000000000e+02 3.956264830639484717e+04
8.470000000000000000e+02 3.952640982481620449e+04
8.480000000000000000e+02 3.956304547501190973e+04
8.490000000000000000e+02 3.956288262796717754e+04
8.500000000000000000e+02 3.956377913053250813e+04
8.510000000000000000e+02 3.703134042438023607e+04
8.520000000000000000e+02 4.237091381349075527e+04
8.530000000000000000e+02 3.910036654012803774e+04
8.540000000000000000e+02 5.092145344375054265e+04
8.550000000000000000e+02 3.956470234469197749e+04
8.560000000000000000e+02 3.951683302850527980e+04
8.570000000000000000e+02 3.955825984741019784e+04
8.580000000000000000e+02 3.972843183511238749e+04
8.590000000000000000e+02 5.079498135442334751e+04
8.600000000000000000e+02 3.956299475522611465e+04
8.610000000000000000e+02 3.955272004605640541e+04
8.620000000000000000e+02 3.956146494665642240e+04
8.630000000000000000e+02 4.457592269158886484e+04
8.640000000000000000e+02 3.797852413489415630e+04
8.650000000000000000e+02 3.954675542768401647e+04
8.660000000000000000e+02 3.955702480103976268e+04
8.670000000000000000e+02 3.956090003569946566e+04
8.680000000000000000e+02 3.956293661916133715e+04
8.690000000000000000e+02 3.956344710253412632e+04
8.700000000000000000e+02 3.752581622323313059e+04
8.710000000000000000e+02 4.455959264967103809e+04
8.720000000000000000e+02 3.954832552392544312e+04
8.730000000000000000e+02 3.799310936289434176e+04
8.740000000000000000e+02 3.936944785916483670e+04
8.750000000000000000e+02 3.956027160967433883e+04
8.760000000000000000e+02 3.799170284857539809e+04
8.770000000000000000e+02 3.956385006316277577e+04
8.780000000000000000e+02 3.955810951102716353e+04
8.790000000000000000e+02 3.956257809365900175e+04
8.800000000000000000e+02 3.956446312065383245e+04
8.810000000000000000e+02 3.955965177939781279e+04
8.820000000000000000e+02 3.955811456509004347e+04
8.830000000000000000e+02 3.949008420515597390e+04
8.840000000000000000e+02 3.956754514726977504e+04
8.850000000000000000e+02 3.798860468168529042e+04
8.860000000000000000e+02 3.956880101767271117e+04
8.870000000000000000e+02 4.341090106319142797e+04
8.880000000000000000e+02 3.941210942442288797e+04
8.890000000000000000e+02 3.739335938903672650e+04
8.900000000000000000e+02 3.956142209368295880e+04
8.910000000000000000e+02 3.955903742980030074e+04
8.920000000000000000e+02 3.955953712741145864e+04
8.930000000000000000e+02 3.944980628341354168e+04
8.940000000000000000e+02 3.800704883445713494e+04
8.950000000000000000e+02 3.956345370773330797e+04
8.960000000000000000e+02 3.956742466624361259e+04
8.970000000000000000e+02 3.955939267816829670e+04
8.980000000000000000e+02 3.955827737166271254e+04
8.990000000000000000e+02 3.956168030238198116e+04
9.000000000000000000e+02 3.801161934565057163e+04
9.010000000000000000e+02 4.713659662408151780e+04
9.020000000000000000e+02 3.955984721418882691e+04
9.030000000000000000e+02 3.956304043331150751e+04
9.040000000000000000e+02 3.955938695793310762e+04
9.050000000000000000e+02 3.956038236233208590e+04
9.060000000000000000e+02 3.861404754563630559e+04
9.070000000000000000e+02 3.956243607488559064e+04
9.080000000000000000e+02 3.956675376240220794e+04
9.090000000000000000e+02 3.955813133570942591e+04
9.100000000000000000e+02 3.800409166250707494e+04
9.110000000000000000e+02 3.956511199559740635e+04
9.120000000000000000e+02 3.954240470893865859e+04
9.130000000000000000e+02 3.956569433114067942e+04
9.140000000000000000e+02 3.956367724413978431e+04
9.150000000000000000e+02 3.956349705291893042e+04
9.160000000000000000e+02 3.956282288116414566e+04
9.170000000000000000e+02 3.799843646731375338e+04
9.180000000000000000e+02 3.955691102888518799e+04
9.190000000000000000e+02 3.954981716087758832e+04
9.200000000000000000e+02 3.956339460370444431e+04
9.210000000000000000e+02 3.955891906014441338e+04
9.220000000000000000e+02 3.955846832938323496e+04
9.230000000000000000e+02 3.953972184303742688e+04
9.240000000000000000e+02 3.955135872930029291e+04
9.250000000000000000e+02 3.955066851464573119e+04
9.260000000000000000e+02 3.953983950606807775e+04
9.270000000000000000e+02 3.772823477957419527e+04
9.280000000000000000e+02 3.956292209604391246e+04
9.290000000000000000e+02 3.956206423486542917e+04
9.300000000000000000e+02 3.955891386646229512e+04
9.310000000000000000e+02 3.953546987324742076e+04
9.320000000000000000e+02 3.794262087399109441e+04
9.330000000000000000e+02 3.956090447905944166e+04
9.340000000000000000e+02 3.956143247769164736e+04
9.350000000000000000e+02 3.956306477445675409e+04
9.360000000000000000e+02 3.956698008512570232e+04
9.370000000000000000e+02 3.955369936777235125e+04
9.380000000000000000e+02 3.956458336207128013e+04
9.390000000000000000e+02 3.954319970165322593e+04
9.400000000000000000e+02 3.956468787997713662e+04
9.410000000000000000e+02 3.954896663288635318e+04
9.420000000000000000e+02 3.952034342092761653e+04
9.430000000000000000e+02 3.955284890333600197e+04
9.440000000000000000e+02 3.800525089795111853e+04
9.450000000000000000e+02 3.956327108609527932e+04
9.460000000000000000e+02 3.955816640857064340e+04
9.470000000000000000e+02 3.955732312451436883e+04
9.480000000000000000e+02 3.956515985341790656e+04
9.490000000000000000e+02 3.955705558769330673e+04
9.500000000000000000e+02 3.956078863735713094e+04
9.510000000000000000e+02 3.956154188560154580e+04
9.520000000000000000e+02 3.955572993053397659e+04
9.530000000000000000e+02 3.956276994102376921e+04
9.540000000000000000e+02 3.954020918804295070e+04
9.550000000000000000e+02 3.956185991814190493e+04
9.560000000000000000e+02 3.956772864501747245e+04
9.570000000000000000e+02 3.955551017006019538e+04
9.580000000000000000e+02 3.954550320242023736e+04
9.590000000000000000e+02 3.661746769947132998e+04
9.600000000000000000e+02 3.954402635348489275e+04
9.610000000000000000e+02 3.956709627824691415e+04
9.620000000000000000e+02 3.690845849653194455e+04
9.630000000000000000e+02 3.956346887353862257e+04
9.640000000000000000e+02 3.955907616368070012e+04
9.650000000000000000e+02 3.955348789833032788e+04
9.660000000000000000e+02 3.955930394979527773e+04
9.670000000000000000e+02 3.946209132018285163e+04
9.680000000000000000e+02 3.953541325664187025e+04
9.690000000000000000e+02 3.798255568923656392e+04
9.700000000000000000e+02 3.956259892996503186e+04
9.710000000000000000e+02 3.956346981876908831e+04
9.720000000000000000e+02 3.956230812136338500e+04
9.730000000000000000e+02 3.956278700395588385e+04
9.740000000000000000e+02 3.951532146811446000e+04
9.750000000000000000e+02 3.799457992628098873e+04
9.760000000000000000e+02 3.956270359321382421e+04
9.770000000000000000e+02 3.797654876832282753e+04
9.780000000000000000e+02 3.956219985134971648e+04
9.790000000000000000e+02 3.954629126417689258e+04
9.800000000000000000e+02 3.956351789647046098e+04
9.810000000000000000e+02 3.956380866244732897e+04
9.820000000000000000e+02 3.955254947842269030e+04
9.830000000000000000e+02 3.955203684102882107e+04
9.840000000000000000e+02 3.937908368385861104e+04
9.850000000000000000e+02 3.956289020009383967e+04
9.860000000000000000e+02 4.055339460323988169e+04
9.870000000000000000e+02 3.789185789197943814e+04
9.880000000000000000e+02 3.954389226088875148e+04
9.890000000000000000e+02 3.956294714014585043e+04
9.900000000000000000e+02 3.951884230841411045e+04
9.910000000000000000e+02 3.956263659133519104e+04
9.920000000000000000e+02 3.956168579214483179e+04
9.930000000000000000e+02 3.797597178393982904e+04
9.940000000000000000e+02 3.955895996695160284e+04
9.950000000000000000e+02 3.800510147985914955e+04
9.960000000000000000e+02 3.956246263982205710e+04
9.970000000000000000e+02 3.937353024308761815e+04
9.980000000000000000e+02 3.955584695575238584e+04
9.990000000000000000e+02 3.956322898479180003e+04
1.000000000000000000e+03 3.956540596514496428e+04
