1.000000000000000000e+00 1.256807953832243129e+03
2.000000000000000000e+00 1.371263650837990554e+03
3.000000000000000000e+00 2.019187920248388082e+03
4.000000000000000000e+00 1.772883727218602871e+03
5.000000000000000000e+00 1.795118529615493571e+03
6.000000000000000000e+00 1.143885838316759191e+03
7.000000000000000000e+00 1.320586508988362766e+03
8.000000000000000000e+00 1.419206859266600304e+03
9.000000000000000000e+00 1.450457255501437885e+03
1.000000000000000000e+01 1.086457576312949413e+03
1.100000000000000000e+01 1.563728504469332620e+03
1.200000000000000000e+01 7.436296542390654167e+02
1.300000000000000000e+01 1.379980096839522957e+03
1.400000000000000000e+01 1.407705864805159763e+03
1.500000000000000000e+01 4.573898846836496887e+03
1.600000000000000000e+01 4.922495522191592499e+03
1.700000000000000000e+01 1.398210892810039240e+03
1.800000000000000000e+01 1.516584816691901324e+03
1.900000000000000000e+01 5.845284633429583664e+03
2.000000000000000000e+01 2.864632232001784359e+03
2.100000000000000000e+01 1.510698366651729657e+03
2.200000000000000000e+01 1.696038139938700988e+04
2.300000000000000000e+01 3.364601483587871826e+03
2.400000000000000000e+01 1.783822180039355771e+03
2.500000000000000000e+01 1.717959175189612324e+03
2.600000000000000000e+01 1.419822322045391047e+03
2.700000000000000000e+01 1.093056982391956353e+03
2.800000000000000000e+01 1.456286007135803402e+03
2.900000000000000000e+01 1.806509810036029876e+03
3.000000000000000000e+01 3.029728738659582177e+03
3.100000000000000000e+01 1.697822784059086416e+03
3.200000000000000000e+01 1.513692032310823606e+03
3.300000000000000000e+01 1.504676412087559129e+03
3.400000000000000000e+01 9.300142885333074219e+02
3.500000000000000000e+01 6.491785590851161032e+03
3.600000000000000000e+01 1.610388282532283029e+03
3.700000000000000000e+01 1.380877780767045351e+03
3.800000000000000000e+01 1.528542148749204671e+03
3.900000000000000000e+01 1.468577375085393442e+03
4.000000000000000000e+01 3.567358082514159832e+03
4.100000000000000000e+01 4.621404405189891804e+03
4.200000000000000000e+01 1.677555972854210268e+03
4.300000000000000000e+01 1.590075079361436565e+03
4.400000000000000000e+01 1.872345219106732202e+03
4.500000000000000000e+01 1.879075793436442382e+03
4.600000000000000000e+01 1.812803121617542274e+03
4.700000000000000000e+01 1.421389399820121980e+03
4.800000000000000000e+01 2.682290919241519987e+03
4.900000000000000000e+01 2.299468487148653821e+03
5.000000000000000000e+01 1.457521466074172849e+03
5.100000000000000000e+01 1.418507270078582678e+03
5.200000000000000000e+01 1.091306305192430727e+03
5.300000000000000000e+01 1.628391273646694572e+03
5.400000000000000000e+01 1.094274384830128838e+03
5.500000000000000000e+01 1.193974271254699715e+03
5.600000000000000000e+01 1.411629064949393069e+03
5.700000000000000000e+01 2.612800249843762685e+03
5.800000000000000000e+01 2.960983825331794833e+03
5.900000000000000000e+01 1.602452488101082281e+03
6.000000000000000000e+01 1.315579914552382888e+03
6.100000000000000000e+01 1.294708777703605392e+03
6.200000000000000000e+01 1.810508427211646222e+03
6.300000000000000000e+01 1.206006196283717600e+03
6.400000000000000000e+01 1.425417661390413741e+03
6.500000000000000000e+01 1.530340441696994958e+03
6.600000000000000000e+01 1.600413145034106265e+03
6.700000000000000000e+01 1.674061064021378570e+03
6.800000000000000000e+01 1.888845985638531602e+03
6.900000000000000000e+01 1.703028263700975685e+03
7.000000000000000000e+01 5.319228336297273927e+02
7.100000000000000000e+01 5.185511017424582860e+02
7.200000000000000000e+01 3.548566200830716184e+02
7.300000000000000000e+01 6.227987332699274248e+02
7.400000000000000000e+01 2.575131307269479635e+02
7.500000000000000000e+01 2.672113478409174263e+02
7.600000000000000000e+01 3.828240556324985846e+02
7.700000000000000000e+01 2.723862095993591197e+02
7.800000000000000000e+01 1.891120130392733017e+03
7.900000000000000000e+01 1.148645659338344103e+03
8.000000000000000000e+01 3.644936802121732171e+02
8.100000000000000000e+01 3.955071701790822090e+02
8.200000000000000000e+01 3.440030239834328540e+02
8.300000000000000000e+01 6.159314784461178078e+02
8.400000000000000000e+01 7.801616935914191799e+02
8.500000000000000000e+01 4.275470154624082397e+02
8.600000000000000000e+01 4.643292063482732601e+02
8.700000000000000000e+01 4.052165850522986261e+02
8.800000000000000000e+01 4.675708367940239327e+02
8.900000000000000000e+01 4.434486163133601622e+02
9.000000000000000000e+01 4.423558806831391053e+02
9.100000000000000000e+01 8.174342856335658780e+02
9.200000000000000000e+01 6.100596638349954901e+02
9.300000000000000000e+01 3.713201222859177051e+02
9.400000000000000000e+01 5.409403153979767467e+02
9.500000000000000000e+01 1.173852738379844595e+03
9.600000000000000000e+01 5.507342100642958940e+02
9.700000000000000000e+01 1.141783881028317046e+04
9.800000000000000000e+01 5.840464428419381875e+02
9.900000000000000000e+01 6.176207900317780286e+02
1.000000000000000000e+02 5.532471201551044942e+03
1.010000000000000000e+02 6.530806855891244140e+02
1.020000000000000000e+02 4.691341118169396509e+02
1.030000000000000000e+02 5.471125650415114023e+02
1.040000000000000000e+02 4.973555575182394932e+02
1.050000000000000000e+02 6.641682676603949176e+02
1.060000000000000000e+02 6.610632702596250283e+02
1.070000000000000000e+02 1.426852403826389263e+03
1.080000000000000000e+02 4.478687426258726987e+02
1.090000000000000000e+02 4.200260055407013624e+02
1.100000000000000000e+02 9.156840456967820501e+02
1.110000000000000000e+02 5.344568236223213944e+02
1.120000000000000000e+02 4.725711589611401564e+02
1.130000000000000000e+02 4.370751333811580821e+02
1.140000000000000000e+02 7.168497931088932091e+02
1.150000000000000000e+02 5.339443935038485506e+03
1.160000000000000000e+02 4.675269390557345446e+02
1.170000000000000000e+02 5.669924864241154410e+02
1.180000000000000000e+02 2.342608499617115285e+03
1.190000000000000000e+02 4.189147321375995148e+02
1.200000000000000000e+02 9.361523859593371526e+02
1.210000000000000000e+02 4.429364843848568967e+02
1.220000000000000000e+02 1.273480203489719543e+03
1.230000000000000000e+02 1.748571206890070016e+03
1.240000000000000000e+02 1.931372686865555806e+03
1.250000000000000000e+02 1.110403137883441559e+03
1.260000000000000000e+02 1.377541758831141351e+03
1.270000000000000000e+02 1.060501062976785761e+03
1.280000000000000000e+02 7.842577919651488401e+02
1.290000000000000000e+02 2.040977065218610505e+03
1.300000000000000000e+02 1.085407079919511489e+03
1.310000000000000000e+02 2.078857157751629529e+03
1.320000000000000000e+02 1.114067937381138108e+03
1.330000000000000000e+02 1.114195855536775980e+03
1.340000000000000000e+02 7.372589991579478919e+03
1.350000000000000000e+02 8.305208656773273788e+02
1.360000000000000000e+02 1.659011495008397560e+03
1.370000000000000000e+02 8.255546015479924336e+02
1.380000000000000000e+02 9.883310863036583669e+02
1.390000000000000000e+02 9.035410929567038920e+02
1.400000000000000000e+02 8.701432133210919346e+02
1.410000000000000000e+02 8.433710709481032382e+02
1.420000000000000000e+02 9.546924334215174213e+02
1.430000000000000000e+02 1.137486800398354490e+03
1.440000000000000000e+02 9.435019778812642244e+02
1.450000000000000000e+02 2.125289541074896078e+03
1.460000000000000000e+02 8.261235362112381608e+02
1.470000000000000000e+02 1.037186367890330303e+03
1.480000000000000000e+02 8.048122846298670083e+02
1.490000000000000000e+02 1.691967979965390896e+03
1.500000000000000000e+02 1.635728514598456059e+03
1.510000000000000000e+02 7.929428599230429882e+02
1.520000000000000000e+02 5.780253904473159309e+03
1.530000000000000000e+02 9.690115190476507223e+02
1.540000000000000000e+02 9.351717658925994101e+02
1.550000000000000000e+02 9.391121033197504175e+02
1.560000000000000000e+02 3.811371773564288560e+03
1.570000000000000000e+02 1.788952146290433120e+03
1.580000000000000000e+02 7.479051285050742308e+02
1.590000000000000000e+02 7.469402071753880819e+02
1.600000000000000000e+02 1.227633566569236245e+04
1.610000000000000000e+02 1.419551541533950149e+04
1.620000000000000000e+02 1.161541007168940632e+04
1.630000000000000000e+02 1.180640521256626016e+04
1.640000000000000000e+02 1.206047704653275468e+04
1.650000000000000000e+02 1.172872407843776818e+04
1.660000000000000000e+02 1.207722683830736241e+04
1.670000000000000000e+02 1.201014286538734268e+04
1.680000000000000000e+02 1.158531555189719074e+04
1.690000000000000000e+02 1.428109468404729705e+04
1.700000000000000000e+02 1.156447313524931633e+04
1.710000000000000000e+02 1.288320399899106269e+04
1.720000000000000000e+02 1.171827702317830153e+04
1.730000000000000000e+02 1.189530646813124622e+04
1.740000000000000000e+02 1.422643114880113171e+04
1.750000000000000000e+02 1.134323336182639650e+04
1.760000000000000000e+02 1.216123773187521874e+04
1.770000000000000000e+02 1.162090390913522424e+04
1.780000000000000000e+02 1.161747670992753956e+04
1.790000000000000000e+02 1.127934990758059394e+04
1.800000000000000000e+02 1.121593293891193753e+04
1.810000000000000000e+02 1.142227370081897243e+04
1.820000000000000000e+02 1.337590967768440169e+04
1.830000000000000000e+02 1.495009810948598533e+04
1.840000000000000000e+02 1.144831691332448645e+04
1.850000000000000000e+02 1.141511157927976274e+04
1.860000000000000000e+02 1.125716045615463736e+04
1.870000000000000000e+02 1.116510595309458768e+04
1.880000000000000000e+02 1.123581592450539029e+04
1.890000000000000000e+02 1.118531184540635877e+04
1.900000000000000000e+02 1.118879936768748303e+04
1.910000000000000000e+02 1.124041595717416749e+04
1.920000000000000000e+02 1.254548363149751094e+04
1.930000000000000000e+02 1.119127978325067488e+04
1.940000000000000000e+02 1.140808021002390160e+04
1.950000000000000000e+02 1.122024023651016614e+04
1.960000000000000000e+02 1.118220711999505875e+04
1.970000000000000000e+02 1.145504014387166353e+04
1.980000000000000000e+02 1.129318385743079489e+04
1.990000000000000000e+02 1.124113501752471711e+04
2.000000000000000000e+02 1.133317087494407679e+04
2.010000000000000000e+02 1.126544167392649979e+04
2.020000000000000000e+02 1.127095150890941659e+04
2.030000000000000000e+02 1.126910191287979615e+04
2.040000000000000000e+02 1.117719190705556321e+04
2.050000000000000000e+02 1.347066943530093886e+04
2.060000000000000000e+02 1.122201270276406467e+04
2.070000000000000000e+02 1.125557535133221427e+04
2.080000000000000000e+02 1.123508484908578066e+04
2.090000000000000000e+02 1.152041044992909701e+04
2.100000000000000000e+02 1.139320529132415504e+04
2.110000000000000000e+02 1.123459964967701490e+04
2.120000000000000000e+02 1.121429502354070246e+04
2.130000000000000000e+02 1.433198599301596005e+04
2.140000000000000000e+02 1.158652376220198676e+04
2.150000000000000000e+02 1.122664587533381928e+04
2.160000000000000000e+02 1.143236780647156229e+04
2.170000000000000000e+02 1.128224653604803098e+04
2.180000000000000000e+02 1.136342736542857892e+04
2.190000000000000000e+02 1.120988816400312498e+04
2.200000000000000000e+02 1.131590410724758658e+04
2.210000000000000000e+02 1.268906285902748095e+04
2.220000000000000000e+02 1.121694585399355492e+04
2.230000000000000000e+02 1.121630510039826186e+04
2.240000000000000000e+02 1.122389526404324715e+04
2.250000000000000000e+02 1.124787341634222685e+04
2.260000000000000000e+02 1.131179278779801643e+04
2.270000000000000000e+02 1.393110113338180417e+04
2.280000000000000000e+02 1.129347726688624425e+04
2.290000000000000000e+02 1.118126501894043759e+04
2.300000000000000000e+02 1.125387584569704813e+04
2.310000000000000000e+02 1.150774824997625183e+04
2.320000000000000000e+02 1.128215026070662498e+04
2.330000000000000000e+02 1.393050076737068412e+04
2.340000000000000000e+02 1.150028096192087287e+04
2.350000000000000000e+02 1.453860793163393282e+04
2.360000000000000000e+02 1.573789317820429278e+04
2.370000000000000000e+02 1.428473325320526601e+04
2.380000000000000000e+02 1.159639662708654214e+04
2.390000000000000000e+02 1.121927757071126507e+04
2.400000000000000000e+02 1.422304644979586192e+04
2.410000000000000000e+02 1.426679964385313906e+04
2.420000000000000000e+02 1.422137806856516181e+04
2.430000000000000000e+02 1.434737438234305773e+04
2.440000000000000000e+02 1.225926268504617474e+04
2.450000000000000000e+02 1.423541568993756118e+04
2.460000000000000000e+02 1.427899946569015083e+04
2.470000000000000000e+02 1.425422862720708326e+04
2.480000000000000000e+02 1.423921958526876551e+04
2.490000000000000000e+02 1.442755674956696566e+04
2.500000000000000000e+02 1.417705557328421492e+04
2.510000000000000000e+02 1.156478379611155106e+04
2.520000000000000000e+02 1.422368948562196601e+04
2.530000000000000000e+02 1.420546818614107178e+04
2.540000000000000000e+02 1.418205920753483770e+04
2.550000000000000000e+02 1.421594673797856740e+04
2.560000000000000000e+02 1.189688017239136934e+04
2.570000000000000000e+02 1.280642593576245599e+04
2.580000000000000000e+02 1.203012570313242759e+04
2.590000000000000000e+02 1.169947127138939504e+04
2.600000000000000000e+02 1.152947731972192378e+04
2.610000000000000000e+02 1.159856218644460569e+04
2.620000000000000000e+02 1.668505439380287862e+04
2.630000000000000000e+02 1.164860886968487648e+04
2.640000000000000000e+02 1.152513262589317128e+04
2.650000000000000000e+02 1.152918343831140555e+04
2.660000000000000000e+02 1.154005453478033087e+04
2.670000000000000000e+02 1.416762155730105405e+04
2.680000000000000000e+02 1.285103172186961274e+04
2.690000000000000000e+02 1.170950156035254804e+04
2.700000000000000000e+02 1.438912986906481092e+04
2.710000000000000000e+02 1.183656019613980970e+04
2.720000000000000000e+02 1.184276415890528915e+04
2.730000000000000000e+02 1.184206837788419034e+04
2.740000000000000000e+02 1.165840225651418405e+04
2.750000000000000000e+02 1.187180514554673209e+04
2.760000000000000000e+02 1.164947066415286463e+04
2.770000000000000000e+02 1.159592274156975691e+04
2.780000000000000000e+02 1.160363138201847869e+04
2.790000000000000000e+02 1.189392089891628166e+04
2.800000000000000000e+02 1.183491271193806642e+04
2.810000000000000000e+02 1.160321925750516129e+04
2.820000000000000000e+02 1.203054769756280439e+04
2.830000000000000000e+02 1.197278021049152267e+04
2.840000000000000000e+02 1.202367502796623739e+04
2.850000000000000000e+02 1.156247489088338261e+04
2.860000000000000000e+02 1.138832119939640870e+04
2.870000000000000000e+02 1.155221696623508615e+04
2.880000000000000000e+02 1.122676151238451712e+04
2.890000000000000000e+02 1.154979575464766276e+04
2.900000000000000000e+02 1.122373877571710000e+04
2.910000000000000000e+02 1.166486387321536131e+04
2.920000000000000000e+02 1.168509565791006025e+04
2.930000000000000000e+02 1.137589492127851008e+04
2.940000000000000000e+02 1.314286783599783303e+04
2.950000000000000000e+02 1.131449977766134180e+04
2.960000000000000000e+02 1.715019476998236496e+04
2.970000000000000000e+02 1.120056849306024378e+04
2.980000000000000000e+02 1.158996355908798614e+04
2.990000000000000000e+02 1.134823783482715226e+04
3.000000000000000000e+02 1.159541191380144664e+04
3.010000000000000000e+02 1.128845994147175043e+04
3.020000000000000000e+02 1.168612175641704926e+04
3.030000000000000000e+02 1.133759934835900640e+04
3.040000000000000000e+02 1.123948648387429967e+04
3.050000000000000000e+02 1.181708531185986249e+04
3.060000000000000000e+02 1.132864697187306410e+04
3.070000000000000000e+02 1.149791209728139256e+04
3.080000000000000000e+02 1.145646281988179726e+04
3.090000000000000000e+02 1.168383475018430181e+04
3.100000000000000000e+02 1.128135908317662143e+04
3.110000000000000000e+02 1.158326681438064224e+04
3.120000000000000000e+02 1.140017426920252728e+04
3.130000000000000000e+02 1.125697671176962831e+04
3.140000000000000000e+02 1.221721558759780964e+04
3.150000000000000000e+02 1.387382716198615708e+04
3.160000000000000000e+02 1.125912558801984051e+04
3.170000000000000000e+02 1.127849166812530711e+04
3.180000000000000000e+02 1.387624437219567699e+04
3.190000000000000000e+02 1.441813319137212420e+04
3.200000000000000000e+02 1.153867652162506783e+04
3.210000000000000000e+02 1.143743063609889941e+04
3.220000000000000000e+02 1.377265569397142099e+04
3.230000000000000000e+02 1.114858867646531871e+04
3.240000000000000000e+02 1.121634063449526730e+04
3.250000000000000000e+02 1.131729438779323573e+04
3.260000000000000000e+02 1.186041524862915139e+04
3.270000000000000000e+02 1.160166989605823983e+04
3.280000000000000000e+02 1.178786549528725118e+04
3.290000000000000000e+02 1.160476778280268991e+04
3.300000000000000000e+02 1.183867945834159218e+04
3.310000000000000000e+02 1.154044632607315361e+04
3.320000000000000000e+02 1.157613305520712311e+04
3.330000000000000000e+02 1.271397413342125401e+04
3.340000000000000000e+02 1.198640446404185604e+04
3.350000000000000000e+02 1.226379975047373046e+04
3.360000000000000000e+02 1.194738789056059431e+04
3.370000000000000000e+02 1.480312613353094093e+04
3.380000000000000000e+02 1.155161918355247508e+04
3.390000000000000000e+02 1.312863925060911242e+04
3.400000000000000000e+02 1.192878910971511141e+04
3.410000000000000000e+02 1.258209090562395431e+04
3.420000000000000000e+02 1.157833121673852474e+04
3.430000000000000000e+02 1.189829431276994910e+04
3.440000000000000000e+02 1.157326333700044597e+04
3.450000000000000000e+02 1.167807623564812275e+04
3.460000000000000000e+02 1.212560855296395857e+04
3.470000000000000000e+02 1.283147471934524037e+04
3.480000000000000000e+02 1.159659452386812700e+04
3.490000000000000000e+02 1.200480900730845678e+04
3.500000000000000000e+02 1.267883104469979662e+04
3.510000000000000000e+02 1.190582962307391790e+04
3.520000000000000000e+02 1.287054623148233259e+04
3.530000000000000000e+02 1.242428065204653285e+04
3.540000000000000000e+02 1.211250754353676712e+04
3.550000000000000000e+02 1.186473101717223290e+04
3.560000000000000000e+02 1.199661273537163106e+04
3.570000000000000000e+02 1.281065360639319442e+04
3.580000000000000000e+02 1.278224653569561451e+04
3.590000000000000000e+02 1.268274174093432521e+04
3.600000000000000000e+02 1.191857293345501239e+04
3.610000000000000000e+02 1.302364009811370488e+04
3.620000000000000000e+02 1.183053433130379744e+04
3.630000000000000000e+02 1.185968158999917250e+04
3.640000000000000000e+02 1.214209943968264270e+04
3.650000000000000000e+02 1.304479532337564888e+04
3.660000000000000000e+02 1.213444828480027718e+04
3.670000000000000000e+02 1.192047086917563502e+04
3.680000000000000000e+02 1.187104163278832311e+04
3.690000000000000000e+02 1.188327563984559310e+04
3.700000000000000000e+02 1.183674458232089637e+04
3.710000000000000000e+02 1.264862889211478432e+04
3.720000000000000000e+02 1.219234635066104784e+04
3.730000000000000000e+02 1.303475260147524023e+04
3.740000000000000000e+02 1.194444451631998891e+04
3.750000000000000000e+02 1.191068403373392903e+04
3.760000000000000000e+02 1.193961498627385845e+04
3.770000000000000000e+02 1.267023967171594632e+04
3.780000000000000000e+02 1.462457315909495446e+04
3.790000000000000000e+02 1.374603479881926069e+04
3.800000000000000000e+02 1.284257980013604174e+04
3.810000000000000000e+02 1.233749438248043225e+04
3.820000000000000000e+02 1.152527745423973647e+04
3.830000000000000000e+02 1.258553038927606940e+04
3.840000000000000000e+02 1.148590626531545786e+04
3.850000000000000000e+02 1.152678169013876322e+04
3.860000000000000000e+02 1.167676459397283361e+04
3.870000000000000000e+02 1.152804436666006768e+04
3.880000000000000000e+02 1.149284448114988481e+04
3.890000000000000000e+02 1.581005319017600596e+04
3.900000000000000000e+02 1.449887629022179681e+04
3.910000000000000000e+02 1.407923024257069846e+04
3.920000000000000000e+02 1.390670111452031961e+04
3.930000000000000000e+02 1.330963491506638820e+04
3.940000000000000000e+02 1.262892763807419215e+04
3.950000000000000000e+02 1.226426776550831710e+04
3.960000000000000000e+02 1.250328113658392977e+04
3.970000000000000000e+02 1.225984226426589521e+04
3.980000000000000000e+02 1.202546880897692972e+04
3.990000000000000000e+02 1.195886480142210348e+04
4.000000000000000000e+02 1.124379786542805959e+04
4.010000000000000000e+02 1.145303526880979371e+04
4.020000000000000000e+02 1.121507634188025258e+04
4.030000000000000000e+02 1.157740587041983417e+04
4.040000000000000000e+02 1.123841827004920742e+04
4.050000000000000000e+02 1.129357085546527196e+04
4.060000000000000000e+02 1.908795372308215883e+04
4.070000000000000000e+02 1.123473464502308707e+04
4.080000000000000000e+02 1.407601109282095604e+04
4.090000000000000000e+02 1.123276799509169359e+04
4.100000000000000000e+02 1.204481322594319136e+04
4.110000000000000000e+02 1.124221412310145752e+04
4.120000000000000000e+02 1.450932643839412412e+04
4.130000000000000000e+02 1.298858318308084381e+04
4.140000000000000000e+02 1.143497816999872157e+04
4.150000000000000000e+02 1.196770293489048163e+04
4.160000000000000000e+02 1.127062387062133530e+04
4.170000000000000000e+02 1.164651667157589509e+04
4.180000000000000000e+02 1.125400633523241959e+04
4.190000000000000000e+02 1.124083179700516484e+04
4.200000000000000000e+02 1.136112817474822623e+04
4.210000000000000000e+02 1.136611175505530446e+04
4.220000000000000000e+02 1.341614194845398379e+04
4.230000000000000000e+02 1.121004727904255560e+04
4.240000000000000000e+02 1.118697237915142614e+04
4.250000000000000000e+02 1.129047381998200035e+04
4.260000000000000000e+02 1.115944635275632390e+04
4.270000000000000000e+02 2.130225607795572068e+04
4.280000000000000000e+02 1.263226895465300186e+04
4.290000000000000000e+02 1.132081229573518976e+04
4.300000000000000000e+02 1.173755993937113817e+04
4.310000000000000000e+02 1.124918979539179782e+04
4.320000000000000000e+02 1.162423361510466566e+04
4.330000000000000000e+02 1.154488596932319524e+04
4.340000000000000000e+02 1.140815870183009974e+04
4.350000000000000000e+02 1.120233285676531705e+04
4.360000000000000000e+02 1.235943972250565093e+04
4.370000000000000000e+02 1.160252396760722695e+04
4.380000000000000000e+02 1.171575994895204531e+04
4.390000000000000000e+02 1.160645662125268063e+04
4.400000000000000000e+02 1.188189778746942284e+04
4.410000000000000000e+02 1.194140513794935941e+04
4.420000000000000000e+02 1.158672681599484349e+04
4.430000000000000000e+02 1.218993235881220062e+04
4.440000000000000000e+02 1.159362957952244324e+04
4.450000000000000000e+02 1.154091605132917357e+04
4.460000000000000000e+02 1.158541658729194205e+04
4.470000000000000000e+02 1.159329882904032456e+04
4.480000000000000000e+02 1.171701373286709531e+04
4.490000000000000000e+02 1.164724648736878953e+04
4.500000000000000000e+02 1.186333771936146513e+04
4.510000000000000000e+02 1.209447021902658707e+04
4.520000000000000000e+02 1.157374579763378279e+04
4.530000000000000000e+02 1.183192826291203346e+04
4.540000000000000000e+02 1.157181161066579807e+04
4.550000000000000000e+02 1.179082918826776222e+04
4.560000000000000000e+02 1.156570104824455848e+04
4.570000000000000000e+02 1.407650005807533489e+04
4.580000000000000000e+02 1.153093042850495476e+04
4.590000000000000000e+02 1.161010144679045516e+04
4.600000000000000000e+02 1.191415826766468854e+04
4.610000000000000000e+02 1.158061768462317377e+04
4.620000000000000000e+02 1.297739150957192214e+04
4.630000000000000000e+02 1.180126699873094549e+04
4.640000000000000000e+02 1.186188309051812939e+04
4.650000000000000000e+02 1.189140373109073153e+04
4.660000000000000000e+02 1.665127378530028000e+04
4.670000000000000000e+02 1.165673132836855802e+04
4.680000000000000000e+02 1.180759218489365412e+04
4.690000000000000000e+02 1.177676655005659086e+04
4.700000000000000000e+02 1.163587722625314200e+04
4.710000000000000000e+02 1.180348397383825431e+04
4.720000000000000000e+02 1.184146522703469600e+04
4.730000000000000000e+02 1.177533848216758815e+04
4.740000000000000000e+02 1.163123239475584887e+04
4.750000000000000000e+02 1.436044308390840706e+04
4.760000000000000000e+02 1.261113419241359588e+04
4.770000000000000000e+02 1.251798036262234928e+04
4.780000000000000000e+02 1.159859178709778098e+04
4.790000000000000000e+02 1.163050943523695423e+04
4.800000000000000000e+02 1.161521443594951779e+04
4.810000000000000000e+02 1.187717520746831906e+04
4.820000000000000000e+02 1.163107248579788939e+04
4.830000000000000000e+02 1.184593736011401779e+04
4.840000000000000000e+02 1.169075239164327650e+04
4.850000000000000000e+02 1.198762144274671846e+04
4.860000000000000000e+02 1.166376302843949998e+04
4.870000000000000000e+02 1.162616534556828447e+04
4.880000000000000000e+02 1.172055816544759182e+04
4.890000000000000000e+02 1.163301338838160154e+04
4.900000000000000000e+02 1.174841727131120206e+04
4.910000000000000000e+02 1.179955237660017156e+04
4.920000000000000000e+02 1.188282975980471019e+04
4.930000000000000000e+02 1.215400501146345778e+04
4.940000000000000000e+02 1.172258164148509786e+04
4.950000000000000000e+02 1.179701964834450155e+04
4.960000000000000000e+02 1.430677241870881153e+04
4.970000000000000000e+02 1.199902881824811811e+04
4.980000000000000000e+02 1.255263645319441275e+04
4.990000000000000000e+02 1.188763061402080893e+04
5.000000000000000000e+02 1.157640571333863591e+04
5.010000000000000000e+02 1.158885536031148149e+04
5.020000000000000000e+02 1.138259614360783053e+04
5.030000000000000000e+02 1.129512621604308697e+04
5.040000000000000000e+02 1.125347500947201297e+04
5.050000000000000000e+02 1.505035708919503122e+04
5.060000000000000000e+02 1.152469211097769949e+04
5.070000000000000000e+02 1.125869671193258000e+04
5.080000000000000000e+02 1.132141545962617965e+04
5.090000000000000000e+02 1.132678221596670483e+04
5.100000000000000000e+02 1.125609065531250599e+04
5.110000000000000000e+02 1.174272358647864530e+04
5.120000000000000000e+02 1.126825416373189364e+04
5.130000000000000000e+02 1.151729119190972415e+04
5.140000000000000000e+02 1.149579171801428856e+04
5.150000000000000000e+02 1.129088110882217734e+04
5.160000000000000000e+02 1.119354914330923930e+04
5.170000000000000000e+02 1.232454502649373171e+04
5.180000000000000000e+02 1.119999049348243716e+04
5.190000000000000000e+02 1.125542119990824176e+04
5.200000000000000000e+02 1.429381306473614313e+04
5.210000000000000000e+02 1.140863844044985126e+04
5.220000000000000000e+02 1.137940906906666169e+04
5.230000000000000000e+02 1.147537265718127492e+04
5.240000000000000000e+02 1.124244450934477754e+04
5.250000000000000000e+02 1.148667472886452742e+04
5.260000000000000000e+02 1.120568644469409264e+04
5.270000000000000000e+02 1.150479060671609477e+04
5.280000000000000000e+02 1.312215387822857156e+04
5.290000000000000000e+02 1.158840784180631636e+04
5.300000000000000000e+02 1.218382060314402952e+04
5.310000000000000000e+02 1.205863501269931476e+04
5.320000000000000000e+02 1.141281315408874798e+04
5.330000000000000000e+02 1.123038857689046017e+04
5.340000000000000000e+02 1.690383041814507669e+04
5.350000000000000000e+02 1.120160798075792627e+04
5.360000000000000000e+02 1.147712306527556029e+04
5.370000000000000000e+02 1.121549749206777415e+04
5.380000000000000000e+02 1.147502288046177455e+04
5.390000000000000000e+02 1.153313760866884695e+04
5.400000000000000000e+02 1.131791196869905798e+04
5.410000000000000000e+02 1.157997234194747762e+04
5.420000000000000000e+02 1.164944589133292538e+04
5.430000000000000000e+02 1.128074174516497260e+04
5.440000000000000000e+02 1.143302222605761381e+04
5.450000000000000000e+02 1.162067866305051757e+04
5.460000000000000000e+02 1.456227006017257918e+04
5.470000000000000000e+02 1.162440693713818109e+04
5.480000000000000000e+02 1.152709213422119501e+04
5.490000000000000000e+02 1.322344409096495474e+04
5.500000000000000000e+02 1.148641089826063580e+04
5.510000000000000000e+02 1.385996952625600898e+04
5.520000000000000000e+02 1.129428335881942803e+04
5.530000000000000000e+02 1.168260576580608722e+04
5.540000000000000000e+02 1.124491989614435079e+04
5.550000000000000000e+02 1.159196351230306573e+04
5.560000000000000000e+02 1.203540242685356134e+04
5.570000000000000000e+02 1.375461029035090360e+04
5.580000000000000000e+02 1.163068857323612610e+04
5.590000000000000000e+02 1.172886523956354358e+04
5.600000000000000000e+02 1.162498632290742717e+04
5.610000000000000000e+02 1.168306934667921996e+04
5.620000000000000000e+02 1.160209558356440539e+04
5.630000000000000000e+02 1.168742938154235162e+04
5.640000000000000000e+02 1.174610656153816308e+04
5.650000000000000000e+02 1.160402422995149936e+04
5.660000000000000000e+02 1.164098048122303044e+04
5.670000000000000000e+02 1.168782575414007079e+04
5.680000000000000000e+02 1.165587644808335062e+04
5.690000000000000000e+02 1.187294558198539016e+04
5.700000000000000000e+02 1.202293612854226012e+04
5.710000000000000000e+02 1.162320153701927120e+04
5.720000000000000000e+02 1.447433557981950617e+04
5.730000000000000000e+02 1.154815807922235945e+04
5.740000000000000000e+02 1.158280116902047484e+04
5.750000000000000000e+02 1.432687592270151617e+04
5.760000000000000000e+02 1.159023120983369517e+04
5.770000000000000000e+02 1.249914918897314601e+04
5.780000000000000000e+02 1.159155323455922189e+04
5.790000000000000000e+02 1.161771634854883996e+04
5.800000000000000000e+02 1.152707475689755847e+04
5.810000000000000000e+02 1.182332557580668799e+04
5.820000000000000000e+02 1.164815019061999374e+04
5.830000000000000000e+02 1.211847381420529928e+04
5.840000000000000000e+02 1.155596163168915882e+04
5.850000000000000000e+02 1.157164091669918889e+04
5.860000000000000000e+02 1.280515952472174467e+04
5.870000000000000000e+02 1.161660534882928368e+04
5.880000000000000000e+02 1.437985169325755305e+04
5.890000000000000000e+02 1.180736319127985189e+04
5.900000000000000000e+02 1.312533556755789505e+04
5.910000000000000000e+02 1.245136396850143683e+04
5.920000000000000000e+02 1.163064532487117322e+04
5.930000000000000000e+02 1.168218645005065810e+04
5.940000000000000000e+02 1.168084291881543322e+04
5.950000000000000000e+02 1.161441386939527911e+04
5.960000000000000000e+02 1.185615901868356741e+04
5.970000000000000000e+02 1.162414430489584993e+04
5.980000000000000000e+02 1.157682386458657675e+04
5.990000000000000000e+02 1.178696137732381430e+04
6.000000000000000000e+02 1.196834977260310916e+04
6.010000000000000000e+02 1.251390716897349012e+04
6.020000000000000000e+02 1.129283550527392981e+04
6.030000000000000000e+02 1.133248365519827712e+04
6.040000000000000000e+02 1.127024162584274200e+04
6.050000000000000000e+02 1.159722996369167777e+04
6.060000000000000000e+02 1.147194493494936432e+04
6.070000000000000000e+02 1.161567173813144109e+04
6.080000000000000000e+02 1.412952456289081420e+04
6.090000000000000000e+02 1.171359839777858360e+04
6.100000000000000000e+02 1.131023099551291853e+04
6.110000000000000000e+02 1.132632194312504726e+04
6.120000000000000000e+02 1.219650485191908592e+04
6.130000000000000000e+02 1.133979197031203330e+04
6.140000000000000000e+02 1.133006556436295614e+04
6.150000000000000000e+02 1.129823254467698644e+04
6.160000000000000000e+02 1.181995146215784735e+04
6.170000000000000000e+02 1.202121254710184439e+04
6.180000000000000000e+02 1.133007831507958326e+04
6.190000000000000000e+02 1.130321782059602810e+04
6.200000000000000000e+02 1.168729975865558481e+04
6.210000000000000000e+02 1.689768992129443723e+04
6.220000000000000000e+02 1.141858214785030941e+04
6.230000000000000000e+02 1.134811945673674563e+04
6.240000000000000000e+02 1.129800474067719188e+04
6.250000000000000000e+02 1.136218188362520232e+04
6.260000000000000000e+02 1.143524699375345335e+04
6.270000000000000000e+02 1.447120748494991858e+04
6.280000000000000000e+02 1.185661286458659742e+04
6.290000000000000000e+02 1.133637858219913869e+04
6.300000000000000000e+02 1.132872083302561805e+04
6.310000000000000000e+02 1.158002568491095735e+04
6.320000000000000000e+02 1.503340105628879974e+04
6.330000000000000000e+02 1.199931402241790784e+04
6.340000000000000000e+02 1.134339337118433650e+04
6.350000000000000000e+02 1.127236658196712233e+04
6.360000000000000000e+02 1.121748353824567675e+04
6.370000000000000000e+02 1.402051663796182947e+04
6.380000000000000000e+02 1.118888221919351236e+04
6.390000000000000000e+02 1.129469257942227523e+04
6.400000000000000000e+02 1.139415018491418050e+04
6.410000000000000000e+02 1.126399703710330141e+04
6.420000000000000000e+02 1.117940395572003763e+04
6.430000000000000000e+02 1.140664211089586752e+04
6.440000000000000000e+02 1.435081673608835081e+04
6.450000000000000000e+02 1.118471740057470561e+04
6.460000000000000000e+02 1.122732488236323115e+04
6.470000000000000000e+02 1.150913615293850671e+04
6.480000000000000000e+02 1.115135274994365682e+04
6.490000000000000000e+02 1.120588837023680026e+04
6.500000000000000000e+02 1.116233852129794650e+04
6.510000000000000000e+02 1.113679735344248729e+04
6.520000000000000000e+02 1.155956114275900472e+04
6.530000000000000000e+02 1.116604212451781495e+04
6.540000000000000000e+02 1.141079411071748291e+04
6.550000000000000000e+02 1.137546674845942289e+04
6.560000000000000000e+02 1.118873853090968987e+04
6.570000000000000000e+02 1.120123084241889410e+04
6.580000000000000000e+02 1.315728803018679901e+04
6.590000000000000000e+02 1.126450449579550332e+04
6.600000000000000000e+02 1.320864638125596866e+04
6.610000000000000000e+02 1.120982198862557925e+04
6.620000000000000000e+02 1.120923547295234494e+04
6.630000000000000000e+02 1.122598674542547997e+04
6.640000000000000000e+02 1.133899204546622241e+04
6.650000000000000000e+02 1.115316625557906627e+04
6.660000000000000000e+02 1.126439562617271804e+04
6.670000000000000000e+02 1.578392748023843524e+04
6.680000000000000000e+02 1.151892935349794607e+04
6.690000000000000000e+02 1.291408046439629652e+04
6.700000000000000000e+02 1.119696932533481777e+04
6.710000000000000000e+02 1.124518583621141443e+04
6.720000000000000000e+02 1.122494582513966998e+04
6.730000000000000000e+02 1.238431714850204116e+04
6.740000000000000000e+02 1.121035395068711659e+04
6.750000000000000000e+02 1.137008532496195403e+04
6.760000000000000000e+02 1.115132484333440698e+04
6.770000000000000000e+02 1.118648196456329242e+04
6.780000000000000000e+02 1.140115475032623908e+04
6.790000000000000000e+02 1.117668811631629433e+04
6.800000000000000000e+02 1.125981725672102402e+04
6.810000000000000000e+02 1.118800716545337673e+04
6.820000000000000000e+02 1.113998686400331826e+04
6.830000000000000000e+02 1.171991377569887300e+04
6.840000000000000000e+02 1.247814560059045471e+04
6.850000000000000000e+02 1.119043128364130826e+04
6.860000000000000000e+02 1.118577192259223921e+04
6.870000000000000000e+02 1.115415314763972492e+04
6.880000000000000000e+02 1.119995487689934089e+04
6.890000000000000000e+02 1.181140759050319502e+04
6.900000000000000000e+02 1.479982468043331573e+04
6.910000000000000000e+02 1.162101957223723730e+04
6.920000000000000000e+02 1.348546931940330069e+04
6.930000000000000000e+02 1.122960873930407797e+04
6.940000000000000000e+02 1.123469737834866100e+04
6.950000000000000000e+02 1.119722331214660153e+04
6.960000000000000000e+02 1.121155574798079215e+04
6.970000000000000000e+02 1.124703398083583852e+04
6.980000000000000000e+02 1.282013645145060764e+04
6.990000000000000000e+02 1.293039572366355969e+04
7.000000000000000000e+02 1.143455295585247950e+04
7.010000000000000000e+02 1.149843239185272250e+04
7.020000000000000000e+02 1.181896712964099970e+04
7.030000000000000000e+02 1.144909996042584316e+04
7.040000000000000000e+02 1.369569358656655822e+04
7.050000000000000000e+02 1.152170938866045071e+04
7.060000000000000000e+02 1.120386665759106290e+04
7.070000000000000000e+02 1.179315358759539231e+04
7.080000000000000000e+02 1.151252463872035878e+04
7.090000000000000000e+02 1.123648699671360009e+04
7.100000000000000000e+02 1.121000475010970149e+04
7.110000000000000000e+02 1.138574685368776773e+04
7.120000000000000000e+02 1.124938288940089842e+04
7.130000000000000000e+02 1.120450451064959634e+04
7.140000000000000000e+02 1.124127698435675302e+04
7.150000000000000000e+02 1.147504345158324759e+04
7.160000000000000000e+02 1.123174961200740654e+04
7.170000000000000000e+02 1.152317066974895351e+04
7.180000000000000000e+02 1.168511337240690773e+04
7.190000000000000000e+02 1.123198732770262905e+04
7.200000000000000000e+02 1.122079564761916299e+04
7.210000000000000000e+02 1.127668178318754326e+04
7.220000000000000000e+02 1.211280998569561598e+04
7.230000000000000000e+02 1.136192172437115551e+04
7.240000000000000000e+02 1.131599512232986308e+04
7.250000000000000000e+02 1.580746600746316835e+04
7.260000000000000000e+02 1.127720162507468558e+04
7.270000000000000000e+02 1.128584705372531425e+04
7.280000000000000000e+02 1.219536754485665369e+04
7.290000000000000000e+02 1.788657884604236096e+04
7.300000000000000000e+02 1.127039329005189211e+04
7.310000000000000000e+02 1.149330758389782750e+04
7.320000000000000000e+02 1.125921980605626231e+04
7.330000000000000000e+02 1.189072019055913006e+04
7.340000000000000000e+02 1.121400395492987809e+04
7.350000000000000000e+02 1.120468638224957976e+04
7.360000000000000000e+02 1.122742327943786950e+04
7.370000000000000000e+02 1.155929501426159914e+04
7.380000000000000000e+02 1.337638385747205393e+04
7.390000000000000000e+02 1.254651097157717049e+04
7.400000000000000000e+02 1.197442856600789310e+04
7.410000000000000000e+02 1.139500397768691255e+04
7.420000000000000000e+02 1.173181474018061999e+04
7.430000000000000000e+02 1.119589597637878251e+04
7.440000000000000000e+02 1.404260793971347448e+04
7.450000000000000000e+02 1.121756067332080420e+04
7.460000000000000000e+02 1.167776657380849065e+04
7.470000000000000000e+02 1.121685972622372719e+04
7.480000000000000000e+02 1.125563945609701841e+04
7.490000000000000000e+02 1.192232904645900635e+04
7.500000000000000000e+02 1.133306001106012263e+04
7.510000000000000000e+02 1.117279973733410770e+04
7.520000000000000000e+02 1.157383806701272988e+04
7.530000000000000000e+02 1.116571788952645329e+04
7.540000000000000000e+02 1.150422241684533037e+04
7.550000000000000000e+02 1.121555371904872482e+04
7.560000000000000000e+02 1.117969609043208038e+04
7.570000000000000000e+02 1.131066146572623256e+04
7.580000000000000000e+02 1.215102316526307550e+04
7.590000000000000000e+02 1.149288575552021211e+04
7.600000000000000000e+02 1.126376280128731923e+04
7.610000000000000000e+02 1.744704357730950142e+04
7.620000000000000000e+02 1.153620777427623943e+04
7.630000000000000000e+02 1.136147539636370129e+04
7.640000000000000000e+02 1.165565425167818103e+04
7.650000000000000000e+02 1.172393147651248728e+04
7.660000000000000000e+02 1.472762585936117102e+04
7.670000000000000000e+02 1.169175550722848493e+04
7.680000000000000000e+02 1.166148967347912185e+04
7.690000000000000000e+02 1.160885557957653873e+04
7.700000000000000000e+02 1.166741621796663640e+04
7.710000000000000000e+02 1.131921960998959730e+04
7.720000000000000000e+02 1.165099190764688501e+04
7.730000000000000000e+02 1.146378532213331891e+04
7.740000000000000000e+02 1.134061282254896105e+04
7.750000000000000000e+02 1.224708611638026741e+04
7.760000000000000000e+02 1.128513140462334741e+04
7.770000000000000000e+02 1.147546184308886222e+04
7.780000000000000000e+02 1.176652910482110565e+04
7.790000000000000000e+02 1.115454895195330755e+04
7.800000000000000000e+02 1.132427382596900316e+04
7.810000000000000000e+02 1.125832269179573086e+04
7.820000000000000000e+02 1.160501749829212531e+04
7.830000000000000000e+02 1.167494364082562242e+04
7.840000000000000000e+02 1.124179448283572492e+04
7.850000000000000000e+02 1.382595856957174328e+04
7.860000000000000000e+02 1.125166002473592198e+04
7.870000000000000000e+02 1.122317101492807342e+04
7.880000000000000000e+02 1.126021601872712017e+04
7.890000000000000000e+02 1.122600871489319252e+04
7.900000000000000000e+02 1.123500914208391805e+04
7.910000000000000000e+02 1.154571482998014653e+04
7.920000000000000000e+02 1.121737386601261278e+04
7.930000000000000000e+02 1.184144633530284773e+04
7.940000000000000000e+02 1.129931980546247723e+04
7.950000000000000000e+02 1.138243983689863853e+04
7.960000000000000000e+02 1.135054656596694986e+04
7.970000000000000000e+02 1.143882446466246256e+04
7.980000000000000000e+02 1.360152526741173278e+04
7.990000000000000000e+02 1.124424597122801606e+04
8.000000000000000000e+02 1.125051311016787986e+04
8.010000000000000000e+02 1.419129233022293738e+04
8.020000000000000000e+02 1.121030365629587504e+04
8.030000000000000000e+02 1.150744196292081506e+04
8.040000000000000000e+02 1.214084762939099164e+04
8.050000000000000000e+02 1.135474124696391300e+04
8.060000000000000000e+02 1.117119215668074139e+04
8.070000000000000000e+02 1.118785799169273923e+04
8.080000000000000000e+02 1.130206551303962624e+04
8.090000000000000000e+02 1.147951965312619541e+04
8.100000000000000000e+02 1.155766015807990334e+04
8.110000000000000000e+02 1.194418392081481579e+04
8.120000000000000000e+02 1.131828187902593891e+04
8.130000000000000000e+02 1.134710277061328634e+04
8.140000000000000000e+02 1.130151141198500591e+04
8.150000000000000000e+02 1.560680483482007367e+04
8.160000000000000000e+02 1.127146996605278582e+04
8.170000000000000000e+02 1.172730303203469884e+04
8.180000000000000000e+02 1.183051604509628669e+04
8.190000000000000000e+02 1.124844476100059546e+04
8.200000000000000000e+02 1.125042829852670548e+04
8.210000000000000000e+02 1.126398403235573460e+04
8.220000000000000000e+02 1.135432677736384539e+04
8.230000000000000000e+02 1.124421183355305948e+04
8.240000000000000000e+02 1.128721040466289560e+04
8.250000000000000000e+02 1.136247838143050831e+04
8.260000000000000000e+02 1.124520961155302211e+04
8.270000000000000000e+02 1.127965618782327692e+04
8.280000000000000000e+02 1.143252618942817753e+04
8.290000000000000000e+02 1.127433597780706259e+04
8.300000000000000000e+02 1.190589818476027358e+04
8.310000000000000000e+02 1.165740525568254816e+04
8.320000000000000000e+02 1.124131852879350663e+04
8.330000000000000000e+02 1.156330645919663220e+04
8.340000000000000000e+02 1.197605068478244903e+04
8.350000000000000000e+02 1.160406995397072205e+04
8.360000000000000000e+02 1.127826932705086801e+04
8.370000000000000000e+02 1.118689806655076245e+04
8.380000000000000000e+02 1.118723204798976803e+04
8.390000000000000000e+02 1.123771374694090264e+04
8.400000000000000000e+02 1.119891507059393734e+04
8.410000000000000000e+02 1.121122708055956173e+04
8.420000000000000000e+02 1.119946515431939406e+04
8.430000000000000000e+02 1.129737165840789021e+04
8.440000000000000000e+02 1.179058988442940608e+04
8.450000000000000000e+02 1.131045522031993278e+04
8.460000000000000000e+02 1.163403020473031211e+04
8.470000000000000000e+02 1.220267419163165323e+04
8.480000000000000000e+02 1.125392976846762576e+04
8.490000000000000000e+02 1.214783142172868065e+04
8.500000000000000000e+02 1.121426267991062014e+04
8.510000000000000000e+02 1.121295472913631784e+04
8.520000000000000000e+02 1.121436750477581882e+04
8.530000000000000000e+02 1.118176857640465823e+04
8.540000000000000000e+02 1.140101591982366881e+04
8.550000000000000000e+02 1.124768366693729513e+04
8.560000000000000000e+02 1.145436499951276892e+04
8.570000000000000000e+02 1.123575977993061497e+04
8.580000000000000000e+02 1.380889403851668067e+04
8.590000000000000000e+02 1.149487894184085781e+04
8.600000000000000000e+02 1.166211875214609427e+04
8.610000000000000000e+02 1.120376677754281627e+04
8.620000000000000000e+02 1.132300626888942861e+04
8.630000000000000000e+02 1.313864975287887682e+04
8.640000000000000000e+02 1.135588049931824389e+04
8.650000000000000000e+02 1.121246034381506070e+04
8.660000000000000000e+02 1.125826877888649506e+04
8.670000000000000000e+02 1.145831786787161764e+04
8.680000000000000000e+02 1.120749380630997621e+04
8.690000000000000000e+02 1.124527954849771231e+04
8.700000000000000000e+02 1.155324975530453048e+04
8.710000000000000000e+02 1.120389103310484825e+04
8.720000000000000000e+02 1.123659810716188986e+04
8.730000000000000000e+02 1.188347906985025656e+04
8.740000000000000000e+02 1.408353704750555517e+04
8.750000000000000000e+02 1.139149496421822187e+04
8.760000000000000000e+02 1.160423295662164128e+04
8.770000000000000000e+02 1.153103164893309440e+04
8.780000000000000000e+02 1.155734191344537976e+04
8.790000000000000000e+02 1.188389676919083468e+04
8.800000000000000000e+02 1.154162393935619730e+04
8.810000000000000000e+02 1.161839078439602235e+04
8.820000000000000000e+02 1.155197387000554409e+04
8.830000000000000000e+02 1.135585374907354526e+04
8.840000000000000000e+02 1.128067329351115040e+04
8.850000000000000000e+02 1.171763971616911294e+04
8.860000000000000000e+02 1.213913888902111285e+04
8.870000000000000000e+02 1.190644777594269181e+04
8.880000000000000000e+02 1.410454048435748336e+04
8.890000000000000000e+02 1.122036872013361426e+04
8.900000000000000000e+02 1.158252918258442878e+04
8.910000000000000000e+02 1.137203019035570105e+04
8.920000000000000000e+02 1.121407685556941942e+04
8.930000000000000000e+02 1.130658372010305175e+04
8.940000000000000000e+02 1.118965442023348260e+04
8.950000000000000000e+02 1.215877981889080729e+04
8.960000000000000000e+02 1.138416496669747357e+04
8.970000000000000000e+02 1.186180307772963533e+04
8.980000000000000000e+02 1.220242850313620875e+04
8.990000000000000000e+02 1.263471980285831523e+04
9.000000000000000000e+02 1.181962176174023989e+04
9.010000000000000000e+02 1.263699444285377831e+04
9.020000000000000000e+02 1.320699976134467397e+04
9.030000000000000000e+02 1.207218222671011245e+04
9.040000000000000000e+02 1.460538048394274301e+04
9.050000000000000000e+02 1.223447707247672770e+04
9.060000000000000000e+02 1.180573135507665029e+04
9.070000000000000000e+02 1.125724102182011848e+04
9.080000000000000000e+02 1.182503260061170295e+04
9.090000000000000000e+02 1.180997634739776913e+04
9.100000000000000000e+02 1.194754003601095428e+04
9.110000000000000000e+02 1.822120244540990097e+04
9.120000000000000000e+02 1.183160337979606629e+04
9.130000000000000000e+02 1.179458959605498785e+04
9.140000000000000000e+02 1.188022462812138656e+04
9.150000000000000000e+02 1.183354316657825984e+04
9.160000000000000000e+02 1.219675083588606140e+04
9.170000000000000000e+02 1.180491825824262560e+04
9.180000000000000000e+02 1.189968480517857643e+04
9.190000000000000000e+02 1.139567686778852476e+04
9.200000000000000000e+02 1.147180204345664424e+04
9.210000000000000000e+02 1.131199692737308214e+04
9.220000000000000000e+02 1.121593375015299353e+04
9.230000000000000000e+02 1.117436587159487499e+04
9.240000000000000000e+02 1.117339455514435576e+04
9.250000000000000000e+02 1.117246245853273285e+04
9.260000000000000000e+02 1.128701713235858369e+04
9.270000000000000000e+02 1.120462153458360990e+04
9.280000000000000000e+02 1.119933618554962050e+04
9.290000000000000000e+02 1.120709146334083562e+04
9.300000000000000000e+02 1.119116092312704313e+04
9.310000000000000000e+02 1.358937685307681750e+04
9.320000000000000000e+02 1.123545092117007880e+04
9.330000000000000000e+02 1.136950572111465226e+04
9.340000000000000000e+02 1.120492205133973584e+04
9.350000000000000000e+02 1.119258816581768770e+04
9.360000000000000000e+02 1.161859941953981979e+04
9.370000000000000000e+02 1.126475946227449094e+04
9.380000000000000000e+02 1.131415113505830959e+04
9.390000000000000000e+02 1.220952282871632269e+04
9.400000000000000000e+02 1.255709847598385022e+04
9.410000000000000000e+02 1.455414885094479359e+04
9.420000000000000000e+02 1.217703265341221231e+04
9.430000000000000000e+02 1.218428018338382026e+04
9.440000000000000000e+02 1.231375102722431075e+04
9.450000000000000000e+02 1.231041261417486749e+04
9.460000000000000000e+02 1.236581336912782353e+04
9.470000000000000000e+02 1.252573833072627349e+04
9.480000000000000000e+02 1.439093766811493879e+04
9.490000000000000000e+02 1.226719586497342607e+04
9.500000000000000000e+02 1.229711503838762837e+04
9.510000000000000000e+02 1.228558213116163461e+04
9.520000000000000000e+02 1.224172847064050075e+04
9.530000000000000000e+02 1.224569141080020199e+04
9.540000000000000000e+02 1.251353487561678594e+04
9.550000000000000000e+02 1.225391036422392790e+04
9.560000000000000000e+02 1.239833129741451921e+04
9.570000000000000000e+02 1.231063635903758586e+04
9.580000000000000000e+02 1.233556704323703525e+04
9.590000000000000000e+02 1.221935847481768906e+04
9.600000000000000000e+02 1.222102769596027247e+04
9.610000000000000000e+02 1.226086224726392538e+04
9.620000000000000000e+02 1.249839314861122148e+04
9.630000000000000000e+02 1.219702655549289193e+04
9.640000000000000000e+02 1.225488936248524078e+04
9.650000000000000000e+02 1.257006355881283525e+04
9.660000000000000000e+02 1.349087443235773026e+04
9.670000000000000000e+02 1.256672613910544351e+04
9.680000000000000000e+02 1.275319659479421534e+04
9.690000000000000000e+02 1.263791284673186237e+04
9.700000000000000000e+02 1.255802655907960798e+04
9.710000000000000000e+02 1.255029950023891797e+04
9.720000000000000000e+02 1.156049464368659392e+04
9.730000000000000000e+02 1.178691203915655933e+04
9.740000000000000000e+02 1.160504073895849797e+04
9.750000000000000000e+02 1.234281342000418772e+04
9.760000000000000000e+02 1.237500013771283011e+04
9.770000000000000000e+02 1.657288203771277404e+04
9.780000000000000000e+02 1.351702745637442786e+04
9.790000000000000000e+02 1.245084879942145380e+04
9.800000000000000000e+02 1.232010175554116176e+04
9.810000000000000000e+02 1.231425251248634959e+04
9.820000000000000000e+02 1.229312218376821329e+04
9.830000000000000000e+02 1.485823019855391613e+04
9.840000000000000000e+02 1.271940436866816344e+04
9.850000000000000000e+02 1.225317021706122978e+04
9.860000000000000000e+02 1.241635365028334309e+04
9.870000000000000000e+02 1.233269395057440852e+04
9.880000000000000000e+02 1.268990049871117117e+04
9.890000000000000000e+02 1.233004157907367698e+04
9.900000000000000000e+02 1.461849979566902766e+04
9.910000000000000000e+02 1.136143170390323576e+04
9.920000000000000000e+02 1.252668215826685628e+04
9.930000000000000000e+02 1.242255314728975463e+04
9.940000000000000000e+02 1.129377052277583971e+04
9.950000000000000000e+02 1.134717638340536723e+04
9.960000000000000000e+02 1.454083245195803102e+04
9.970000000000000000e+02 1.264160228888637175e+04
9.980000000000000000e+02 1.141893798230720859e+04
9.990000000000000000e+02 1.129735002382416133e+04
1.000000000000000000e+03 1.132594450823762782e+04
