300000780
300006311
300004872
300000029
300000127
300000353
300001134
300000299
300000429
300001120
300002175
300003185
300000179
300000190
300003745
300003272
300001047
300000467
300001736
300005550
300001286
300001742
300000762
300000767
300001052
300001089
300004778
300002238
300001666
300001625
300001645
300001764
300002351
300007138
300005332
300006763
300000010
300000112
300001547
300000116
300000187
300000128
300000149
300001716
300000759
300000233
300000236
300000250
300000253
300000801
300002241
300000307
300001375
300000337
300001049
300000362
300000397
300000409
300000454
300001119
300005412
300004294
300000764
300000802
300005630
300001178
300000921
300001665
300001105
300001116
300002824
300001923
300004332
300001648
300007730
300002218
300004212
300004994
300007237
300002740
300003031
300000820
300001726
300000005
300005308
300004398
300000021
300000055
300000120
300000995
300003207
300000123
300000604
300000133
300002132
300000155
300005595
300001620
300001439
300000168
300001117
300003520
300001071
300001442
300000202
300000241
300000252
300006947
300001344
300001228
300000273
300000284
300000283
300000458
300002408
300002998
300006064
300005390
300001153
300000406
300003035
300004378
300004527
300000520
300003184
300000534
300004583
300001308
300000572
300005414
300001793
300002936
300000757
300001381
300000687
300004169
300006147
300000791
300000799
300003329
300000821
300000923
300000939
300001006
300004701
300004707
300004417
300001727
300001139
300001152
300001198
300004313
300001287
300001293
300001967
300005771
300002258
300001891
300001401
300005453
300001504
300001509
300002398
300004863
300001543
300001640
300002210
300003888
300001651
300002205
300001652
300001655
300003588
300004870
300001767
300003341
300001873
300006103
300001936
300002168
300002183
300004529
300002196
300002190
300005872
300002215
300002283
300002308
300002952
300004000
300002346
300002424
300002539
300002569
300006722
300002809
300002958
300003045
300005271
300003114
300003764
300003350
300004061
300004476
300004704
300004708
300005116
300005330
300005685
300006962
300007234
300000000
300004399
300004582
300000009
300001275
300003055
300004916
300000019
300006359
300000640
300003215
300003214
300005642
300005682
300001282
300000082
300001347
300005123
300005638
300003402
300000108
300000109
300005235
300005232
300000113
300001906
300001520
300005596
300001277
300001272
300000126
300000130
300003403
300005566
300000132
300000309
300000361
300001617
300002026
300000145
300003262
300002091
300000147
300000779
300000152
300002081
300000162
300003999
300005570
300003165
300001524
300000176
300001133
300000188
300000189
300001693
300004366
300000194
300005688
300001443
300001353
300000212
300006621
300000239
300002165
300002166
300006624
300002790
300006626
300007027
300004448
300001339
300000270
300000271
300002403
300004957
300002228
300004639
300000385
300003954
300001860
300000302
300007198
300001986
300000310
300006921
300005549
300003177
300004968
300000327
300002124
300001044
300000334
300004400
300003482
300004213
300004272
300000366
300001175
300000367
300000562
300001688
300000373
300001591
300001687
300001540
300000391
300004584
300004247
300000808
300001661
300002115
300002311
300000426
300001086
300006527
300000441
300000443
300000455
300002947
300000457
300000459
300007515
300007535
300001538
300000514
300000515
300000566
300000568
300000567
300001728
300002397
300003223
300000584
300000593
300000595
300003921
300000615
300003734
300000632
300001982
300005512
300000652
300000646
300003004
300004250
300004226
300001388
300002180
300000711
300000717
300003417
300000765
300005531
300002292
300000790
300001321
300006628
300007597
300000918
300000919
300001761
300001723
300002772
300002778
300001032
300001612
300003290
300001051
300001991
300004094
300001081
300002120
300001091
300001097
300005660
300001102
300006671
300001106
300003169
300001899
300006277
300004874
300001154
300001180
300001142
300006958
300005728
300005066
300001320
300001195
300002288
300001197
300001629
300002301
300003922
300001646
300001296
300001297
300006772
300007201
300001298
300001326
300001333
300005773
300001500
300003913
300001343
300006535
300001890
300005104
300001374
300001404
300002537
300001436
300001438
300003079
300005796
300002031
300001491
300005539
300001490
300001494
300001503
300003589
300001798
300001525
300001606
300005853
300001570
300001599
300005945
300001601
300001605
300001603
300003254
300003089
300001626
300001854
300001632
300003415
300001639
300001641
300001643
300005848
300001650
300003423
300002869
300001660
300006095
300001684
300006097
300001679
300004296
300001683
300006893
300002525
300003315
300004868
300001796
300001797
300001855
300001886
300006128
300002212
300005391
300002960
300001979
300001985
300002030
300006862
300004179
300002297
300003198
300004706
300002140
300002142
300002161
300002167
300004869
300002182
300002184
300002185
300004597
300002206
300002225
300003864
300002951
300006314
300002305
300004028
300002333
300002345
300002364
300004224
300003194
300002451
300006415
300002430
300002429
300002431
300002437
300002438
300002441
300002445
300002449
300006418
300002459
300002461
300002470
300002468
300002496
300002820
300007611
300002542
300003109
300003130
300003126
300007526
300003760
300002575
300002731
300002732
300002734
300004451
300002742
300003676
300002763
300002766
300003707
300002774
300002807
300002822
300003972
300002885
300007566
300002878
300005886
300002943
300004209
300002953
300004170
300003067
300005242
300006426
300004854
300005969
300004698
300003212
300003230
300003257
300003383
300006334
300003601
300006427
300005817
300006741
300003985
300005646
300004465
300004141
300006928
300004354
300004377
300004710
300004379
300005637
300005681
300004498
300004626
300006309
300005112
300005267
300007301
300006554
300006178
300005997
300006001
300006354
300006222
300007109
300006963
300007052
300006986
300000001
300004580
300001530
300000006
300006154
300000008
300003054
300001114
300000382
300000016
300003496
300000018
300001785
300003501
300005115
300000022
300004288
300000684
300006295
300006731
300000031
300006343
300005119
300002385
300000158
300005691
300006208
300000057
300001061
300000062
300000200
300004683
300000068
300001590
300001508
300005071
300007614
300004166
300006151
300000166
300007003
300006284
300000085
300000086
300003955
300000088
300000092
300000093
300001516
300000381
300000296
300000106
300000107
300005562
300006125
300000111
300005236
300001521
300000118
300006149
300000124
300004557
300002489
300006459
300000603
300000131
300003245
300004295
300000134
300001619
300001937
300006101
300000135
300001944
300001945
300001682
300006108
300000137
300002083
300000141
300000148
300003452
300000151
300002079
300001981
300000153
300001335
300004460
300002072
300006675
300001916
300004730
300000161
300003998
300005559
300000163
300000164
300004697
300004146
300004554
300003166
300000172
300006301
300000512
300003531
300001518
300000181
300003696
300000323
300000184
300003314
300001260
300004380
300004457
300000198
300000689
300004403
300005118
300005025
300000204
300000213
300002880
300007036
300000229
300006988
300006601
300000230
300007029
300007028
300000231
300007037
300006603
300000232
300006590
300006617
300001305
300001307
300001309
300003150
300000242
300000244
300007031
300007126
300000245
300000246
300003718
300000247
300004452
300000249
300003689
300000816
300000255
300002340
300000798
300000256
300002787
300000827
300007033
300000260
300000261
300003265
300005207
300000263
300001325
300000265
300000266
300000267
300000315
300000272
300000274
300005431
300000275
300000277
300000281
300000285
300000286
300000287
300000289
300000290
300000293
300003956
300000297
300001390
300001389
300000301
300007199
300000303
300000304
300000305
300000306
300005977
300006050
300001583
300000325
300000329
300001231
300002237
300001446
300001956
300001447
300004696
300000340
300000374
300004630
300000360
300001939
300001938
300000365
300001171
300000531
300000369
300000528
300000372
300000378
300000379
300003525
300000688
300000387
300000388
300000389
300002139
300000398
300001046
300001038
300000401
300000437
300000407
300001336
300002137
300000412
300002589
300000413
300000422
300005288
300000427
300002325
300002601
300001192
300000430
300006743
300000446
300004993
300000690
300002040
300005984
300000460
300007437
300002488
300007500
300000480
300000490
300000484
300000494
300003575
300000491
300000516
300004798
300000505
300004880
300000510
300004962
300000513
300001513
300000525
300001162
300001168
300000533
300004525
300000551
300000554
300002682
300002087
300000563
300005080
300001331
300000570
300001332
300001608
300004416
300000574
300001405
300004759
300003708
300002290
300006084
300000597
300000594
300003812
300000596
300000601
300000602
300002073
300000613
300001285
300000614
300003020
300005388
300000622
300000623
300002086
300000624
300000625
300000758
300000657
300000668
300000673
300000674
300004249
300001234
300000685
300001380
300000704
300000706
300003266
300000710
300002664
300000730
300000727
300000732
300000731
300003776
300002661
300000749
300002192
300000739
300002509
300005179
300003404
300005527
300005530
300005534
300003702
300000782
300003599
300000787
300006593
300000788
300006591
300006614
300000797
300000789
300007042
300006594
300000792
300000793
300000795
300006898
300000828
300000796
300006600
300002339
300006588
300006589
300000800
300006604
300006717
300000803
300000804
300001190
300000806
300000810
300007035
300003697
300003698
300002781
300000830
300006471
300000884
300004487
300007719
300000897
300001993
300002016
300001762
300000929
300004560
300004334
300000958
300003359
300005070
300000969
300003856
300000974
300004524
300000978
300000979
300002776
300006846
300000989
300000998
300004675
300004676
300001009
300004700
300004702
300004750
300001031
300001034
300002144
300001036
300001041
300001037
300005971
300002343
300001039
300005634
300002074
300001042
300001611
300001050
300003291
300005976
300001080
300003273
300002648
300001090
300002646
300001096
300003736
300001502
300001098
300001100
300006908
300006905
300004449
300007191
300004936
300001112
300001115
300001113
300003692
300001957
300004781
300002244
300001124
300001838
300001126
300001839
300001132
300001733
300001587
300004933
300003522
300003535
300001141
300001148
300001350
300005721
300004945
300001158
300001160
300001999
300005791
300001330
300001177
300001173
300002089
300001954
300001184
300002844
300001186
300002851
300002891
300007039
300002889
300001668
300001663
300006520
300001227
300001337
300004613
300003797
300003566
300004174
300004320
300001243
300001252
300002327
300001256
300006666
300001273
300003931
300003926
300003930
300001345
300001280
300001279
300003934
300003543
300003935
300001283
300002248
300001284
300001550
300003912
300005306
300002222
300004022
300001295
300006197
300005121
300006647
300005122
300006124
300005125
300006608
300006630
300005217
300006607
300002683
300001328
300001329
300002254
300001908
300001885
300004777
300005430
300001340
300003392
300001341
300003211
300003238
300003237
300001354
300005068
300003951
300002257
300001895
300005102
300003225
300006115
300003490
300003498
300003495
300001387
300005205
300002782
300001417
300002773
300003078
300005954
300001830
300001469
300005446
300001482
300001487
300001484
300002038
300001493
300004788
300004592
300002232
300006294
300001510
300002085
300006857
300002523
300003172
300001536
300001514
300001519
300003504
300001887
300001743
300001526
300001532
300001694
300002399
300003320
300002275
300002269
300006384
300002980
300001734
300001589
300003530
300001597
300003524
300001607
300003545
300006239
300005268
300001614
300001615
300006811
300007455
300004182
300001621
300006228
300007297
300007295
300001634
300005516
300003413
300003412
300003431
300001657
300003410
300003897
300006186
300003425
300003875
300002209
300002512
300006187
300001656
300006823
300003426
300002592
300001664
300006906
300006093
300006087
300006329
300004335
300004326
300006492
300001676
300001681
300001881
300001685
300001872
300001871
300007524
300001691
300007208
300005253
300003287
300001703
300001709
300001704
300001710
300001706
300001712
300001722
300002755
300002098
300001729
300006167
300003519
300001741
300002176
300002177
300006164
300004864
300002421
300001779
300001792
300002070
300005411
300004259
300005490
300003569
300001852
300001858
300006889
300006254
300005429
300001896
300004553
300001920
300001921
300001943
300001948
300002010
300002009
300005517
300001969
300002513
300001973
300001980
300001988
300001989
300002860
300001997
300005708
300005704
300002417
300002012
300002029
300002039
300002042
300004906
300002052
300002084
300003365
300002053
300002062
300002054
300004903
300005544
300002059
300002063
300002068
300003366
300002066
300002067
300003367
300003053
300005416
300005635
300002077
300004178
300002080
300002103
300002096
300002099
300003686
300002100
300002170
300002107
300004032
300004027
300002114
300002118
300002127
300002129
300002151
300002133
300005625
300006776
300002155
300004225
300003197
300002154
300004228
300002160
300007439
300002201
300002188
300002186
300002189
300002200
300002204
300005865
300002670
300005229
300005880
300002208
300002211
300002213
300002214
300005644
300002299
300002224
300004037
300004021
300002231
300002524
300002266
300002255
300002259
300002261
300002262
300003787
300002277
300006783
300006907
300002300
300004039
300002303
300002307
300002321
300003603
300004031
300002313
300004886
300002334
300002685
300002691
300002349
300002353
300002354
300002355
300006434
300007528
300002723
300007184
300002913
300002463
300006333
300002401
300002423
300002427
300002474
300006767
300002428
300002436
300002440
300003661
300003241
300002444
300002448
300003242
300002454
300002457
300007766
300002460
300002481
300002480
300002487
300003761
300003756
300002466
300002472
300002475
300002476
300002478
300002608
300002500
300002506
300002494
300002497
300002503
300002502
300002505
300004333
300005854
300002514
300005186
300003299
300003587
300003370
300002530
300002545
300002540
300002541
300002883
300006960
300002543
300007610
300002544
300007258
300002563
300002564
300006881
300002567
300002568
300003989
300003113
300002579
300007224
300003143
300005672
300002596
300002597
300003844
300004541
300002622
300002609
300002623
300002610
300002612
300002617
300002619
300002621
300002625
300002645
300002647
300002978
300002662
300005136
300007231
300002672
300007088
300002673
300007089
300007032
300003607
300005774
300005764
300002692
300007396
300002729
300003725
300002761
300002730
300003721
300002735
300002739
300002741
300007148
300005338
300002743
300004001
300002762
300007395
300007542
300002769
300002929
300002775
300002780
300002804
300002799
300002795
300002805
300002806
300002832
300002835
300002884
300002796
300003970
300002800
300002797
300006939
300002798
300006991
300006994
300002802
300003971
300002816
300006953
300002810
300002831
300002811
300002834
300002812
300002836
300002813
300002837
300002814
300002838
300002815
300002839
300002848
300002828
300002817
300002827
300006940
300002818
300002826
300006979
300006992
300003967
300003968
300006941
300002830
300002833
300003973
300003974
300002881
300002888
300002846
300002840
300002852
300002841
300003977
300002890
300002843
300002850
300003975
300003976
300002858
300002859
300002863
300002866
300002872
300002897
300002895
300007272
300002893
300003979
300007179
300002901
300007335
300002906
300002907
300003762
300002915
300002945
300005526
300002957
300003029
300004987
300003147
300006735
300007225
300007100
300006076
300003036
300003039
300003043
300003044
300006637
300004911
300004199
300004204
300006749
300006757
300003081
300003091
300003111
300007354
300007353
300003112
300003127
300003118
300003133
300003119
300003124
300003125
300003120
300003765
300003137
300003887
300006996
300004650
300003192
300004075
300003210
300003239
300007534
300003561
300003248
300003250
300003249
300006129
300006237
300006138
300003294
300004966
300006176
300003324
300004832
300003334
300006765
300005515
300007474
300007556
300007580
300003418
300003420
300005427
300004748
300005041
300003509
300003521
300004954
300003515
300006450
300006173
300003642
300005110
300003646
300003666
300003647
300003667
300003648
300003654
300003670
300003990
300003987
300007488
300005230
300005408
300003710
300003717
300003727
300003754
300003758
300003767
300003772
300003769
300003780
300003788
300004614
300005318
300003804
300003814
300003820
300005298
300004703
300003878
300003867
300003874
300003883
300005694
300005693
300003984
300003993
300003994
300006425
300003986
300007497
300003995
300007143
300004007
300004052
300004728
300004055
300004168
300004083
300004067
300004729
300004093
300004129
300004137
300004152
300004114
300005563
300006726
300005130
300005129
300004215
300004227
300004229
300004341
300004355
300004367
300004368
300004382
300004724
300006293
300004464
300005576
300004499
300007448
300004546
300005472
300004656
300004723
300004766
300007341
300004829
300004834
300005878
300004901
300004913
300005698
300005257
300005986
300005942
300005797
300005914
300005599
300006650
300005206
300005767
300007422
300007423
300006226
300005261
300005260
300005327
300005328
300005346
300007317
300005344
300007521
300006070
300005529
300007559
300006231
300005779
300006631
300005680
300005686
300005735
300005907
300005916
300005908
300005927
300005909
300005920
300005941
300006663
300006065
300006082
300006339
300006202
300007171
300006636
300006212
300006377
300006221
300007102
300007098
300006332
300006740
300006357
300006844
300006542
300006369
300006391
300007099
300007104
300006393
300006398
300006768
300006429
300006687
300006565
300006592
300006613
300006615
300006599
300006606
300006612
300006605
300006616
300006949
300006677
300006611
300006629
300006625
300006620
300007019
300007103
300006759
300007462
300007385
300006969
300006945
300006978
300006977
300006965
300006975
300007268
300006997
300006974
300007246
300006983
300007281
300007621
300007303
300007456
300007185
300007240
300007266
300007262
300007628
300007283
300007293
300007312
300007328
300007329
300007438
300007673
300007619
300007626
300007627
300000014
300004615
300001281
300004578
300000002
300000003
300000004
300005580
300003405
300000125
300001292
300000007
300005175
300004810
300004811
300006515
300000344
300006288
300005514
300005420
300000011
300005503
300000012
300000013
300004271
300006441
300000959
300004275
300000015
300000330
300001912
300001900
300000371
300000017
300001786
300006126
300006005
300000020
300005932
300006355
300006361
300006762
300003083
300006032
300006356
300000023
300000024
300000683
300000025
300003460
300000026
300003466
300000027
300000331
300000028
300003444
300003442
300001851
300001067
300005057
300001064
300000030
300005056
300006849
300001066
300001068
300006730
300000032
300002282
300000033
300000058
300000034
300002391
300002386
300000035
300005913
300000036
300005938
300000037
300005030
300001476
300005028
300000038
300003636
300000039
300005219
300000040
300005214
300002708
300002710
300000041
300002464
300000042
300003658
300002433
300004849
300000043
300004312
300004036
300004307
300000045
300004370
300000046
300000817
300000047
300002236
300000048
300000626
300000049
300004265
300000050
300003598
300000051
300004068
300004996
300000052
300004385
300000053
300001093
300005618
300001207
300000056
300001799
300003711
300001567
300000059
300005008
300002392
300000060
300006664
300000061
300004158
300004159
300005114
300000063
300005687
300000064
300004680
300000065
300000066
300004685
300000067
300001804
300006351
300005600
300000069
300000963
300000070
300000071
300001271
300000072
300001270
300000073
300000074
300001264
300006150
300000076
300000077
300000078
300006654
300005113
300000079
300000080
300001531
300000081
300006352
300000083
300004153
300004108
300000084
300004127
300004151
300006305
300000087
300004466
300004105
300005678
300000089
300000094
300000090
300003023
300000091
300003436
300003446
300004727
300003006
300003014
300004726
300004462
300000095
300001267
300000096
300000097
300001248
300000098
300003302
300003582
300001262
300000099
300003523
300000100
300003539
300003518
300000101
300003512
300003536
300000102
300001266
300000103
300003937
300001359
300004474
300000104
300000105
300000392
300004469
300005022
300004156
300005117
300006283
300005573
300007468
300001919
300003082
300006400
300001533
300001534
300000114
300001529
300000115
300000121
300000117
300000433
300000119
300003500
300006256
300006289
300006655
300006657
300004855
300005324
300001289
300002624
300007608
300007154
300003234
300001259
300006669
300007156
300005875
300007568
300003183
300000129
300004658
300003179
300005418
300004644
300000354
300000197
300005575
300005978
300003246
300007347
300000136
300000138
300007205
300002516
300000139
300004643
300000140
300006856
300000318
300000142
300004012
300001012
300000143
300004013
300002033
300000144
300004006
300004015
300004741
300004737
300005581
300006821
300006139
300000663
300000150
300003196
300003206
300004072
300004087
300004088
300004077
300000154
300007084
300007086
300006920
300006918
300000156
300001582
300001801
300003094
300000638
300000159
300004069
300004065
300000160
300005561
300005980
300003191
300000165
300000434
300000167
300007588
300000169
300003585
300000170
300000171
300005785
300004876
300000173
300004776
300000174
300007752
300000175
300003529
300001737
300000177
300001595
300000178
300001592
300001586
300001585
300003534
300003533
300000180
300001730
300000182
300001821
300000183
300001245
300003305
300003306
300000185
300003316
300007159
300000186
300003317
300006458
300006668
300007131
300006729
300004897
300000439
300000452
300000191
300005518
300000192
300005519
300000436
300004121
300001074
300004138
300000195
300000196
300005974
300005956
300005554
300000199
300001384
300005964
300000201
300005026
300000203
300006035
300003932
300005029
300001357
300005023
300000205
300007364
300000206
300001477
300001358
300005032
300000207
300000860
300000208
300000862
300000209
300000866
300006229
300007369
300000210
300002538
300000211
300001780
300006718
300001953
300002793
300002794
300007243
300000214
300005255
300001932
300000215
300005263
300003101
300000216
300003378
300000217
300000227
300000218
300003008
300002991
300002990
300000219
300003007
300000220
300000221
300000225
300000222
300003001
300000223
300002718
300003361
300002716
300000224
300003002
300002987
300000226
300001880
300000228
300006897
300007021
300005755
300007023
300007079
300000234
300007175
300007024
300000235
300007025
300007026
300006948
300006581
300005754
300000237
300000832
300000833
300000238
300000831
300003151
300000815
300007054
300000240
300007402
300003149
300000243
300001950
300004450
300004415
300004420
300003719
300004453
300002674
300000248
300000707
300004424
300007586
300004418
300004423
300004419
300000251
300006932
300007002
300000812
300007001
300006622
300000254
300002341
300000258
300000259
300001303
300000814
300000825
300000262
300007343
300005209
300005756
300000264
300005757
300000269
300002229
300004590
300000268
300004860
300003791
300002230
300001810
300002253
300003024
300001812
300001811
300001910
300002251
300002267
300006304
300001361
300003920
300000276
300005325
300000975
300004523
300000278
300004753
300007451
300000279
300000280
300004577
300005568
300001914
300005567
300001056
300000282
300003806
300003798
300006852
300003799
300004640
300003840
300004625
300000350
300000351
300004979
300000288
300006869
300007115
300006770
300001616
300000292
300004122
300000294
300000295
300004104
300006010
300004112
300002163
300006099
300002069
300006440
300006877
300006110
300006111
300006057
300006030
300006012
300006442
300000311
300007082
300000308
300007132
300002389
300001376
300002387
300005564
300005565
300006919
300000313
300000314
300006105
300006771
300006798
300003009
300003026
300000316
300001011
300000317
300000611
300001023
300000321
300000319
300002937
300000320
300003963
300001021
300000322
300003540
300000324
300005039
300003537
300003513
300001027
300003794
300003015
300004085
300000328
300005624
300000621
300000620
300003463
300003438
300000332
300002252
300004180
300000333
300004291
300000335
300000336
300001278
300002395
300000338
300003483
300006330
300003488
300000339
300003481
300000343
300001274
300001517
300000345
300000347
300000349
300003706
300004628
300004283
300004290
300006863
300003050
300005423
300000355
300005270
300000356
300000357
300006133
300006238
300001941
300002531
300001179
300005725
300000363
300005697
300005714
300000364
300005716
300000917
300005720
300001156
300002044
300002088
300000824
300000823
300000368
300000370
300000384
300003487
300003485
300006402
300000375
300000376
300000377
300004686
300004687
300001594
300000380
300001783
300001515
300000383
300000544
300000547
300005748
300001925
300001927
300005982
300004975
300000386
300001907
300001338
300000390
300001809
300003784
300003796
300000393
300004839
300000394
300004841
300000405
300000404
300000395
300004749
300000396
300004576
300002078
300002141
300002075
300004285
300004807
300000399
300000696
300000400
300003841
300003831
300003842
300005297
300000402
300000708
300000403
300000713
300005608
300005094
300000419
300005651
300002239
300000415
300005201
300000807
300000408
300004381
300004715
300005003
300000410
300005386
300000655
300000411
300004393
300000654
300000414
300000416
300005662
300002594
300000417
300005198
300000418
300005200
300000420
300005284
300005850
300000423
300001242
300000424
300001223
300000425
300005485
300005287
300002324
300000428
300006081
300005661
300001191
300006526
300004983
300005286
300000431
300006213
300007651
300006219
300000432
300006399
300006744
300000438
300006781
300000698
300006782
300000699
300000442
300000450
300000444
300000445
300000606
300000609
300000447
300000448
300000449
300000453
300000535
300004840
300000776
300004617
300004376
300004713
300003838
300000461
300000499
300000471
300000462
300000468
300000492
300000463
300000481
300000464
300005804
300003571
300000465
300001456
300000466
300001450
300007436
300004794
300007442
300001448
300000473
300000469
300000470
300000472
300000493
300000476
300001820
300004862
300000474
300004789
300000715
300000475
300004791
300000477
300000487
300000478
300005784
300000479
300003332
300000489
300007155
300005782
300000482
300000496
300000483
300000488
300000485
300000497
300000486
300001473
300001428
300003328
300000503
300001414
300001406
300000495
300005783
300005349
300000498
300001472
300001419
300000500
300003554
300000501
300001819
300000504
300002242
300000502
300001752
300001754
300002243
300001816
300000506
300000507
300000509
300000508
300000511
300003333
300001817
300001748
300004861
300001537
300004792
300000517
300000518
300007481
300004946
300004947
300000519
300003216
300003086
300003965
300000523
300005107
300000524
300000822
300001807
300000526
300000527
300001808
300006338
300000529
300000530
300000532
300005790
300001163
300001717
300003163
300003311
300003162
300001311
300006567
300000537
300002551
300000538
300006563
300000540
300006568
300006570
300000541
300006707
300003347
300000543
300000553
300006561
300006566
300000559
300000560
300000545
300000899
300005749
300000546
300000548
300000549
300006551
300005792
300005753
300005750
300006446
300000552
300005787
300005752
300001108
300005208
300000555
300003614
300000556
300003624
300000557
300005758
300000558
300001992
300005751
300006559
300000561
300000898
300005592
300006260
300000564
300000565
300005768
300002164
300006337
300006272
300006275
300000569
300006271
300006257
300006955
300001122
300003222
300004760
300000575
300000576
300004552
300000577
300003687
300000578
300005081
300000579
300005781
300000712
300004188
300000580
300000583
300000581
300004187
300001322
300000582
300005069
300000702
300004190
300000585
300000592
300005836
300006912
300006720
300000586
300000588
300000587
300003813
300000591
300005302
300000590
300000589
300005285
300007004
300000599
300005296
300005312
300003837
300005826
300002116
300005291
300005193
300005194
300000598
300002122
300003836
300000600
300004674
300004667
300006122
300004657
300002365
300004251
300000605
300002949
300004621
300000608
300002515
300002955
300004642
300007068
300000612
300003583
300003027
300003025
300003741
300000618
300004461
300000616
300000617
300007653
300000619
300004173
300001230
300004171
300004293
300004805
300005536
300002933
300000627
300004219
300000628
300000755
300000629
300000637
300004459
300004043
300000630
300003063
300000631
300004203
300004918
300000633
300000634
300004919
300000635
300000636
300004046
300004731
300004042
300000639
300004079
300004054
300004218
300000641
300004070
300000642
300004041
300004059
300000643
300004084
300000644
300004890
300004891
300000645
300004063
300003005
300000650
300004062
300000647
300004053
300000648
300004057
300004064
300004089
300005623
300000653
300004997
300004392
300005002
300000656
300004995
300002655
300001028
300000658
300001222
300005619
300004819
300005385
300000659
300003597
300000660
300004167
300000661
300005000
300000662
300000671
300000781
300000664
300004195
300000665
300004252
300000666
300004574
300000667
300005958
300003454
300005959
300000669
300004575
300002158
300000670
300004241
300004194
300004266
300000672
300005985
300005676
300005957
300004237
300000675
300002366
300000676
300000677
300004246
300002369
300000678
300004409
300003475
300000679
300003472
300003477
300000680
300001233
300000681
300000682
300001848
300001849
300004289
300001075
300000686
300003493
300006127
300005987
300005560
300006780
300000691
300006695
300000695
300000692
300002722
300000693
300004631
300000694
300004619
300000997
300004622
300004693
300000700
300000709
300000701
300005084
300005603
300005082
300000703
300001366
300006326
300000705
300002679
300002680
300002676
300002675
300005800
300005098
300006160
300005799
300006162
300006161
300001104
300004185
300004186
300000714
300005083
300005085
300000716
300007763
300004793
300000719
300005451
300000720
300004602
300005137
300006490
300000721
300005138
300000722
300005156
300002577
300000723
300002578
300000724
300000729
300007227
300002968
300000733
300006507
300000734
300002663
300000735
300002477
300003783
300005134
300000737
300001557
300000738
300005142
300005855
300002511
300000740
300005860
300000741
300005859
300000742
300006833
300000743
300000744
300005818
300000745
300005835
300005824
300000746
300000751
300000752
300000747
300001560
300001559
300000748
300001467
300003653
300003660
300000750
300005149
300005146
300005144
300001555
300000753
300001238
300001239
300000754
300004310
300000933
300000756
300003064
300004282
300000760
300005521
300000761
300005520
300000763
300005525
300005522
300005524
300005523
300000772
300004632
300004689
300006694
300000768
300004690
300000769
300006697
300004633
300000771
300000774
300007591
300007560
300000775
300000778
300005395
300005627
300004176
300006820
300001983
300005396
300005392
300005394
300005393
300006317
300004893
300004998
300000783
300000786
300000784
300000785
300004058
300002138
300000826
300007038
300002342
300006952
300006715
300006714
300005759
300005788
300006555
300005005
300006785
300006117
300007046
300005004
300000805
300003742
300006546
300004638
300007796
300005663
300006864
300000809
300000813
300000811
300007000
300004369
300000818
300000819
300004956
300003164
300001715
300003695
300000829
300006933
300006595
300002555
300006704
300006712
300007480
300002697
300002922
300000841
300000838
300007133
300007320
300007135
300000840
300000842
300002975
300002573
300002972
300000843
300006511
300000844
300006508
300000845
300002581
300007214
300000846
300006185
300000847
300007007
300006466
300007006
300000848
300000849
300006465
300000850
300006464
300000851
300006463
300001976
300002959
300000852
300001975
300000853
300002582
300006462
300000854
300002317
300000855
300006470
300001974
300006467
300000856
300001977
300000857
300000858
300006468
300000859
300002318
300007601
300001575
300000861
300000868
300006538
300004520
300000863
300000869
300000864
300004518
300004514
300000865
300003940
300000867
300001579
300000870
300000871
300002861
300000872
300000873
300000892
300000874
300000885
300000875
300000878
300000876
300004488
300004497
300004489
300000877
300006230
300000894
300000879
300000880
300000895
300004492
300000890
300000881
300007426
300000882
300000886
300000883
300007368
300007330
300007536
300000891
300000887
300000888
300002420
300000889
300001760
300001770
300007707
300004505
300000893
300003260
300003348
300000896
300001319
300005747
300005711
300005710
300000900
300001995
300005746
300005709
300005745
300001996
300000901
300001769
300000916
300000902
300000905
300000904
300000903
300005715
300000908
300000912
300000907
300001174
300000906
300002090
300000915
300000909
300000914
300001781
300000910
300005702
300000911
300005703
300002006
300002005
300000913
300002011
300005729
300005717
300005741
300001790
300007658
300001157
300001144
300000920
300007562
300000922
300004948
300006250
300006251
300000924
300002418
300006253
300006252
300006247
300000925
300000926
300001889
300003532
300000927
300004309
300000928
300004318
300004317
300000932
300005805
300000930
300005834
300000931
300005809
300005806
300005828
300005808
300000934
300003388
300000935
300003393
300005432
300004559
300000936
300005428
300000937
300005182
300002614
300000938
300005183
300000942
300005180
300007056
300000940
300005825
300000941
300005832
300005185
300005807
300000943
300000944
300000945
300005810
300005839
300000946
300000953
300000947
300000948
300007008
300000949
300007009
300006182
300006188
300006461
300000952
300000954
300006789
300000955
300000956
300004651
300005419
300000957
300004647
300004254
300004673
300000960
300003057
300000961
300004236
300004463
300003060
300000962
300001805
300005072
300000964
300005607
300000965
300007047
300000966
300005074
300001806
300000968
300006346
300000970
300002602
300000971
300003860
300000972
300003855
300003859
300006569
300004796
300004543
300000976
300005212
300000977
300002104
300004758
300000980
300005888
300000981
300005352
300001432
300001431
300000982
300000987
300005436
300000983
300005434
300002187
300000984
300005380
300000985
300000986
300005364
300006547
300004790
300000988
300004605
300000990
300001564
300006404
300005461
300005449
300000991
300002432
300000992
300003656
300000993
300003650
300000994
300003684
300003675
300003651
300003016
300003785
300000996
300001000
300002720
300005665
300000999
300003810
300002092
300005667
300003824
300004624
300001001
300002653
300002654
300001002
300004719
300004391
300001003
300003839
300003825
300001004
300001005
300006670
300004712
300001008
300001007
300004711
300003833
300004699
300001010
300002932
300001013
300001024
300001014
300003960
300001015
300001016
300001017
300002938
300001018
300003047
300001019
300002941
300001020
300002942
300004192
300005537
300001022
300003957
300001025
300001952
300001394
300001026
300003003
300003793
300005384
300003906
300001029
300005891
300001030
300002704
300002687
300004406
300004407
300001035
300001040
300004408
300001033
300003199
300005557
300005968
300005963
300005967
300002380
300005632
300005636
300003476
300001043
300001079
300001045
300003467
300003255
300001048
300005269
300005551
300005574
300006135
300003293
300004096
300006243
300001053
300005569
300001054
300004149
300001055
300004131
300004118
300001057
300006019
300001058
300004133
300001059
300004128
300004100
300001060
300005020
300005604
300001062
300002411
300001063
300005033
300005059
300001065
300005051
300005065
300001181
300006350
300001069
300006348
300001070
300004095
300001072
300003295
300001073
300005975
300005273
300001076
300001386
300001077
300005555
300001078
300001828
300004126
300005973
300003440
300003478
300002644
300002643
300001082
300001083
300004389
300001084
300005656
300001085
300007589
300006888
300001087
300005295
300002598
300005484
300001088
300005654
300005658
300007096
300002600
300005659
300005195
300006887
300002649
300002650
300001092
300003280
300004401
300001094
300003278
300001505
300003748
300003018
300005170
300003749
300004588
300004314
300001099
300004308
300004359
300004343
300001662
300001103
300004342
300004360
300004572
300004446
300004443
300004444
300001107
300003714
300003620
300001109
300001110
300006451
300003612
300003623
300005216
300001111
300002407
300004937
300004923
300001527
300004922
300001753
300004800
300001750
300001911
300001523
300001121
300005584
300001261
300005167
300004883
300002400
300006279
300001123
300001842
300001125
300001898
300006274
300001127
300006710
300001128
300001129
300006713
300001130
300007359
300001131
300007362
300004421
300001135
300003507
300001584
300001136
300001137
300003510
300001138
300003511
300006345
300006341
300007044
300001143
300005724
300005733
300007365
300001145
300001146
300007375
300001147
300007383
300002875
300001149
300001150
300007366
300007372
300007428
300005727
300005730
300005731
300006342
300006344
300001155
300004944
300004941
300005696
300005718
300005713
300001159
300005706
300005707
300001161
300005743
300007552
300001164
300001166
300005075
300001165
300004682
300004684
300005793
300001167
300002414
300001169
300001170
300001172
300002416
300002415
300001791
300005738
300005737
300005995
300005040
300003213
300005744
300001318
300001185
300001187
300001188
300001194
300001196
300002286
300006518
300006519
300001628
300001199
300001205
300001224
300001200
300005204
300001201
300004026
300001202
300004030
300001203
300004035
300001204
300004023
300004311
300001206
300005609
300001208
300006871
300001209
300006487
300004328
300002639
300001210
300002642
300001225
300001211
300001216
300006486
300001212
300001667
300001213
300004302
300001219
300001214
300001215
300004305
300004300
300001217
300006485
300001218
300006484
300001220
300001221
300002640
300004315
300001226
300005901
300002641
300005326
300005483
300001229
300003461
300003441
300001235
300001232
300003437
300001236
300001237
300001240
300004316
300001241
300004306
300002606
300001244
300004563
300001253
300003303
300003395
300003232
300001246
300001247
300002332
300004965
300003318
300007157
300003308
300001249
300004803
300004802
300001251
300005184
300005310
300002607
300004888
300004570
300001254
300001258
300001255
300006667
300004795
300003229
300001263
300005038
300004473
300003936
300001265
300004475
300001947
300001268
300001269
300005606
300005073
300001276
300001837
300001836
300003270
300001346
300002412
300001835
300002263
300002249
300006302
300001539
300002406
300001535
300001288
300004581
300001290
300005178
300003917
300001291
300003918
300005174
300001294
300003871
300003140
300005126
300001299
300004519
300001300
300001480
300005031
300001301
300001302
300005734
300001306
300006597
300007657
300007020
300003608
300005772
300006174
300001310
300006619
300006602
300001315
300001312
300002552
300006584
300001313
300006582
300001314
300002556
300006580
300006587
300001316
300006572
300001317
300006585
300006573
300002548
300001327
300006959
300006577
300006596
300005761
300001323
300007053
300001324
300006716
300006491
300005776
300004858
300004865
300005321
300004887
300001342
300003923
300003581
300002402
300003579
300004585
300004970
300004586
300003516
300001348
300001349
300001351
300007425
300001352
300005060
300005024
300007463
300001355
300003251
300001356
300005035
300001360
300005045
300007660
300001362
300001363
300001364
300001365
300001747
300001367
300001368
300001369
300006165
300001370
300005106
300005103
300001371
300006448
300001373
300001372
300003633
300006449
300005210
300003626
300003178
300006018
300006013
300001915
300001377
300002383
300001378
300001379
300007080
300007085
300003479
300001385
300001382
300001383
300003491
300001955
300001391
300001392
300006673
300001393
300001402
300001400
300001399
300001396
300004506
300001397
300003343
300007324
300002855
300004507
300007661
300001403
300002856
300004797
300003699
300007698
300001407
300001408
300006157
300002777
300001409
300004549
300001410
300001411
300001412
300001413
300001422
300001423
300001415
300005900
300001416
300006159
300006155
300001418
300005375
300006158
300001425
300005353
300001420
300001424
300005348
300001421
300005108
300005370
300001430
300001426
300001427
300003701
300002425
300005358
300005356
300001429
300001433
300001434
300005924
300005923
300001435
300002983
300006227
300005243
300001437
300003075
300001624
300003076
300003077
300006816
300001440
300001441
300005919
300005922
300005689
300001444
300001445
300003396
300003400
300001452
300001449
300001460
300001458
300004604
300001451
300001453
300001462
300001454
300005474
300004595
300004594
300001455
300001464
300004530
300005620
300004533
300001465
300001470
300001466
300005457
300002191
300005466
300001468
300004851
300005441
300005447
300005890
300001474
300001479
300001475
300005944
300005933
300001478
300005037
300001481
300001485
300001788
300001486
300001483
300001498
300001488
300001497
300001489
300003961
300003962
300001496
300001492
300002036
300001495
300001789
300001499
300006481
300005613
300001501
300003276
300005610
300004784
300004856
300005906
300003369
300005541
300003373
300001511
300004217
300001512
300002940
300003171
300004412
300003502
300004927
300004921
300001713
300001739
300001745
300005579
300002405
300001695
300003570
300001541
300001542
300001901
300001544
300001893
300003157
300001545
300001897
300001546
300003161
300004967
300001548
300002270
300001549
300002268
300001551
300003671
300005458
300001552
300001553
300005463
300006407
300005456
300001554
300005852
300002665
300001556
300005151
300001558
300005150
300005160
300001561
300001562
300005867
300001563
300005450
300005448
300001565
300006412
300005440
300006036
300001571
300002982
300001572
300002981
300001573
300006206
300001574
300005244
300001577
300001576
300001922
300001578
300001580
300006363
300006210
300001581
300001588
300003526
300004953
300001593
300001596
300003527
300004952
300003541
300006876
300001731
300001600
300005946
300005948
300005952
300001602
300005955
300001604
300006123
300005950
300005935
300006276
300006280
300001609
300004881
300001740
300006662
300006808
300007461
300001618
300004181
300001940
300006033
300001622
300001623
300001627
300007277
300006742
300006196
300001630
300001631
300001633
300005819
300005856
300001635
300003416
300003432
300001636
300001637
300003414
300001638
300007737
300001642
300003430
300003899
300001644
300003429
300007005
300006181
300006543
300003889
300001647
300004029
300003890
300003884
300001649
300005822
300005864
300005863
300006545
300006828
300003419
300002669
300006825
300005152
300006827
300006829
300001653
300001654
300006824
300006822
300006830
300003411
300002966
300004364
300002590
300005199
300004344
300006517
300002293
300005905
300005904
300006292
300006290
300006328
300004336
300001669
300001670
300001671
300002574
300001672
300006510
300004593
300006509
300001673
300003775
300001674
300006512
300006504
300003175
300001677
300001678
300001680
300001882
300006106
300006679
300006104
300001686
300006267
300004951
300004681
300001946
300001690
300006686
300003000
300002999
300001972
300004456
300001697
300001698
300002719
300001701
300003093
300001702
300003362
300006761
300001705
300001711
300001708
300003379
300002234
300001714
300004931
300003694
300004783
300004926
300001718
300003577
300007750
300001719
300001720
300001845
300001721
300001844
300005578
300005211
300002095
300001724
300002102
300001725
300004955
300006268
300006259
300006169
300006170
300001732
300004873
300001735
300006914
300004932
300007125
300007577
300004939
300001738
300001815
300003558
300003547
300004191
300006320
300006321
300005091
300003069
300004875
300001744
300003559
300001894
300001746
300005089
300003560
300001749
300001751
300001755
300002245
300003226
300001756
300002250
300001757
300002247
300003786
300004969
300001758
300004612
300001759
300001775
300001763
300007755
300001765
300007733
300007736
300007172
300001766
300007701
300001778
300007699
300007754
300001776
300001768
300002019
300001772
300002020
300004490
300001771
300007702
300007705
300001777
300006711
300003342
300003340
300001782
300001784
300006266
300005736
300006438
300001794
300005504
300001795
300003065
300006118
300004214
300006063
300002536
300001800
300006812
300001802
300006803
300005076
300003445
300001813
300003564
300001814
300003555
300003562
300001818
300003556
300003572
300003580
300001822
300003473
300001823
300005970
300001824
300001825
300003480
300001826
300001827
300005572
300005556
300001829
300003469
300001831
300001832
300003486
300003927
300001833
300001834
300006255
300003397
300003484
300001840
300006258
300003546
300001841
300006278
300001843
300001846
300002330
300002331
300001850
300003439
300003443
300003565
300005622
300007452
300004808
300007453
300001856
300004828
300001857
300004821
300003907
300003904
300006068
300001913
300001861
300006069
300001862
300001878
300001877
300001863
300001869
300001866
300001864
300006067
300001865
300001870
300001867
300001868
300006040
300005266
300003176
300001874
300002993
300001879
300001875
300001876
300002994
300001883
300006680
300003092
300004734
300001888
300001903
300006514
300002256
300001892
300001902
300002271
300003158
300003160
300002272
300003307
300006175
300003408
300006039
300001917
300007081
300006917
300001918
300005402
300006043
300007424
300005237
300005233
300001924
300006385
300006364
300006379
300006386
300001928
300001929
300001931
300004976
300003085
300001933
300003038
300004973
300001934
300002535
300001935
300004183
300006841
300001942
300006107
300005061
300005062
300003338
300003344
300007659
300005173
300001958
300001961
300001964
300001965
300002221
300001968
300006198
300001970
300001971
300004458
300003142
300006469
300001978
300006146
300004216
300006297
300006298
300005621
300001984
300004895
300004078
300005628
300006528
300001987
300004501
300004496
300001990
300007432
300001994
300001998
300002000
300002001
300002002
300005705
300002003
300002004
300002007
300002008
300002015
300004502
300004950
300004942
300002022
300002018
300002021
300006249
300004949
300002024
300002025
300003046
300002027
300002028
300003049
300007204
300002034
300004014
300005187
300004010
300002035
300003964
300002041
300002045
300002518
300002046
300004016
300005188
300002047
300002048
300002049
300003356
300002050
300003354
300002528
300002521
300002051
300002061
300002055
300002060
300002056
300005491
300002057
300002058
300003056
300002064
300002065
300004905
300004909
300005505
300004899
300005545
300006845
300006042
300005415
300002381
300002076
300006799
300003455
300004175
300004892
300005399
300007074
300007073
300002093
300005300
300002094
300003843
300003639
300002097
300002757
300002756
300002771
300003643
300002101
300003709
300002105
300004299
300002106
300004331
300004017
300002108
300002109
300002110
300002111
300002588
300002113
300006094
300005833
300002123
300005197
300007472
300002119
300005315
300007476
300007477
300002121
300004347
300006884
300006092
300002125
300002126
300006116
300002128
300005803
300003204
300002130
300002134
300002131
300002135
300002148
300004274
300004234
300004280
300004270
300003474
300002145
300004733
300002146
300002147
300004047
300002150
300003205
300003203
300002152
300002153
300002159
300006870
300002156
300004256
300002157
300006145
300002374
300004223
300006672
300003551
300003688
300003552
300003628
300003641
300002172
300002173
300002171
300002174
300003629
300003634
300003691
300002179
300006324
300005093
300002181
300005088
300003557
300002178
300005100
300004528
300007471
300005361
300004538
300005780
300002202
300007547
300004600
300003594
300005476
300007715
300002199
300002198
300002197
300002193
300002194
300002195
300007164
300002203
300005169
300005468
300005473
300006405
300007713
300007544
300006831
300002207
300006408
300002668
300002667
300007014
300006544
300005846
300003891
300003869
300003870
300003136
300005842
300007230
300005843
300002216
300002217
300007229
300007384
300002219
300002220
300007228
300002223
300005649
300002322
300002226
300006194
300006193
300003726
300004556
300003236
300002233
300002235
300004044
300004814
300006480
300004818
300006315
300006479
300003325
300004548
300003330
300003326
300002246
300003456
300006460
300002274
300002260
300002265
300002264
300002273
300002278
300004267
300002279
300002378
300002375
300002280
300002376
300002281
300002372
300002377
300002284
300006313
300006085
300006086
300002287
300002289
300006910
300007093
300006719
300004679
300003703
300002294
300002295
300002304
300002296
300007379
300007378
300006516
300007380
300006521
300002320
300002306
300006077
300002309
300006080
300006073
300002310
300006913
300004321
300002312
300005293
300007599
300007598
300002314
300003259
300002315
300007077
300002316
300007600
300002319
300006473
300007076
300002326
300005289
300005290
300005313
300005816
300002328
300002329
300005583
300003310
300004002
300007394
300007151
300005350
300005355
300002336
300007136
300002344
300002690
300002363
300007348
300002347
300002689
300002918
300005177
300002350
300002362
300002745
300002738
300002352
300002361
300002744
300005342
300002693
300002770
300002357
300002358
300002359
300002360
300007398
300007688
300007776
300005341
300007238
300004273
300004222
300002367
300004243
300004257
300002368
300004233
300007340
300002370
300002371
300004287
300004245
300002373
300004232
300004231
300002394
300002382
300002379
300005007
300005403
300006142
300002390
300002388
300005014
300005601
300005011
300002393
300003544
300002396
300006270
300004964
300003312
300005168
300004958
300005161
300002409
300005052
300002410
300002413
300005053
300005043
300002419
300002422
300007732
300004842
300004847
300002426
300007470
300007420
300005354
300002465
300003645
300003662
300006880
300007650
300006411
300004848
300002442
300004853
300002434
300002435
300002439
300003123
300003135
300003121
300002443
300002446
300002447
300002450
300003122
300003240
300003244
300004852
300002456
300002453
300003243
300005227
300002455
300005444
300004843
300006417
300002458
300006419
300002467
300002482
300002479
300002462
300003657
300003663
300007723
300002469
300002484
300002471
300006549
300002473
300005376
300005365
300004844
300004606
300003677
300005215
300005445
300003779
300005442
300003669
300006748
300002485
300006548
300003233
300002490
300007161
300002491
300005148
300002492
300002493
300002498
300002495
300002507
300002508
300006837
300005870
300005868
300002499
300005154
300002501
300002615
300002504
300006838
300002510
300006834
300005862
300007016
300005838
300004981
300002517
300003374
300003363
300003364
300002519
300002520
300007194
300003381
300002527
300002522
300003586
300003298
300002526
300003300
300002529
300003376
300003353
300003371
300002532
300003103
300002534
300003102
300006819
300006818
300003339
300002819
300003153
300003154
300007276
300002896
300002853
300002546
300002894
300002547
300006705
300002550
300006571
300002553
300002554
300007022
300006987
300002698
300002694
300002558
300002559
300002560
300002561
300003763
300002916
300002562
300002565
300007134
300002911
300002570
300007352
300003129
300002571
300007351
300002572
300003892
300006513
300006506
300006503
300006495
300002970
300002576
300002969
300002659
300006787
300002984
300002580
300007217
300002583
300007219
300002584
300002587
300002591
300005671
300002595
300004361
300004362
300004356
300006885
300005657
300002599
300004637
300002603
300002604
300007045
300002605
300004565
300007784
300004564
300002611
300005163
300005876
300005438
300005164
300002613
300004827
300004820
300005181
300005145
300002616
300003908
300003903
300003909
300002618
300003905
300005877
300003911
300002620
300003321
300002626
300002635
300002627
300002636
300005869
300003590
300005141
300002628
300002630
300002629
300004542
300002631
300005439
300002632
300002633
300005433
300005378
300002634
300004539
300007511
300002637
300004825
300002638
300004301
300004812
300004327
300005902
300005617
300003281
300003274
300003279
300002651
300002652
300004823
300005611
300004824
300004396
300004397
300002656
300002717
300002657
300007323
300002660
300002977
300002666
300005135
300002671
300007087
300002677
300003618
300005221
300003610
300002678
300003606
300003619
300005762
300002684
300002686
300005894
300004762
300005884
300004003
300002688
300005893
300002736
300002695
300002919
300002696
300002921
300002926
300002909
300002927
300002699
300002925
300002912
300007557
300002700
300004763
300002701
300002705
300002702
300002707
300002703
300002706
300002711
300003637
300002709
300003681
300003652
300004764
300002714
300003352
300006100
300002715
300003090
300005548
300004616
300002721
300002726
300007397
300002727
300002728
300004772
300003720
300007062
300003631
300003627
300007450
300002733
300004770
300005347
300007232
300007248
300007775
300005334
300005337
300006758
300002747
300004845
300002748
300003674
300002749
300003116
300005220
300002750
300002751
300002752
300002753
300002754
300003644
300004755
300004756
300002758
300003625
300002759
300002760
300003640
300002768
300007304
300004771
300002764
300004757
300002765
300003715
300007540
300003716
300003700
300007728
300006475
300003685
300004544
300004536
300002784
300002785
300002786
300002788
300002789
300002791
300006954
300002792
300002887
300006938
300006944
300002801
300007040
300003969
300003966
300002808
300002829
300002886
300002845
300003155
300002879
300002821
300004509
300006995
300007176
300004508
300007662
300002825
300002847
300002842
300006935
300006934
300002849
300002857
300004484
300004493
300007563
300007434
300002864
300002865
300007433
300007326
300003269
300002868
300003949
300003948
300003946
300002877
300002892
300003074
300006943
300007180
300002898
300003981
300007334
300002902
300003773
300002903
300002904
300002905
300003766
300006494
300006502
300002908
300004609
300006499
300002910
300007064
300002917
300002924
300005887
300005883
300007149
300002931
300006909
300002934
300004011
300002935
300002939
300003048
300005488
300005489
300005528
300007346
300003258
300002950
300006312
300006784
300002954
300004982
300002956
300003863
300003141
300002961
300007010
300007011
300002962
300002963
300002964
300003893
300007215
300002967
300007226
300002971
300002973
300003778
300002976
300005157
300003777
300006814
300007213
300002985
300007595
300005400
300002989
300002996
300002995
300006046
300006037
300006022
300006102
300002997
300003377
300006098
300003448
300007160
300004076
300004522
300003010
300003011
300003022
300003012
300003013
300004521
300003017
300003019
300004587
300003750
300003264
300005479
300004745
300003735
300004990
300004985
300004986
300004989
300003032
300006079
300006075
300003037
300003084
300006658
300003041
300006233
300006866
300003042
300006234
300003801
300006641
300003156
300003173
300003958
300003052
300005425
300006860
300004672
300004221
300003058
300003059
300004198
300003061
300006316
300003062
300004279
300004201
300004277
300004286
300003066
300003068
300006281
300003070
300003071
300004479
300003335
300003346
300006703
300005231
300006817
300003080
300006362
300004091
300003087
300003088
300006682
300006840
300003284
300003288
300003106
300005259
300003095
300003105
300003096
300003097
300003100
300003098
300005258
300003104
300005265
300003110
300007484
300007483
300007487
300007772
300003115
300003128
300003997
300005898
300003117
300003134
300003131
300003132
300003144
300003138
300007244
300003139
300005305
300007173
300004775
300003167
300003168
300004935
300004871
300007642
300003174
300003247
300003180
300003181
300004666
300004670
300003182
300004669
300003188
300004663
300004117
300004665
300006114
300003186
300003187
300004660
300004659
300004664
300006023
300003190
300006004
300006025
300003193
300005965
300003195
300005012
300004963
300004073
300003202
300005050
300003208
300005054
300005063
300003217
300003218
300003219
300003220
300003224
300005086
300005090
300003548
300003227
300004882
300003231
300003301
300005371
300005377
300003235
300003728
300003292
300006240
300003253
300003256
300005010
300006455
300006472
300003261
300003337
300004744
300003263
300004971
300003268
300006847
300003514
300003271
300005655
300003275
300003743
300003277
300005614
300004402
300005615
300003282
300006874
300003283
300004353
300003285
300003286
300007210
300004142
300003296
300004092
300003382
300003391
300003304
300003390
300005480
300004885
300003394
300003309
300004960
300003313
300003319
300006775
300007127
300003322
300003323
300004831
300004835
300003327
300003331
300004751
300003345
300003336
300006432
300006431
300007780
300003351
300003355
300005189
300003357
300003358
300003368
300007606
300003360
300004671
300006859
300003380
300003372
300003385
300003375
300003384
300003386
300003387
300007478
300003434
300003389
300003435
300006248
300005319
300005320
300003489
300003494
300003401
300003398
300003399
300003497
300003499
300005422
300003406
300003409
300006059
300003407
300006056
300007578
300007579
300003433
300005153
300007548
300007594
300004884
300003462
300004747
300003447
300004732
300003449
300003450
300005990
300003451
300005960
300004255
300003453
300004512
300003459
300003457
300003458
300003464
300003465
300003468
300005962
300003471
300003470
300005633
300006282
300003492
300004413
300003503
300003506
300005027
300003505
300003928
300003929
300003542
300003517
300003528
300003538
300003549
300003563
300003550
300003630
300003553
300004961
300006296
300003567
300003568
300003573
300003576
300007158
300003578
300005166
300003584
300004878
300003591
300007466
300003593
300003592
300003596
300003595
300004086
300005626
300004071
300004264
300004049
300006148
300003602
300004060
300004048
300003604
300003632
300003605
300003611
300003615
300007188
300005225
300006172
300003609
300005226
300005213
300005766
300003613
300003622
300005218
300003616
300003617
300006454
300005224
300006447
300003635
300003638
300005111
300003665
300003668
300006420
300005360
300005222
300003673
300003659
300003655
300006421
300003664
300006452
300006413
300006422
300006879
300006747
300003672
300003678
300003679
300003680
300003682
300003683
300005469
300006634
300005454
300003690
300004930
300004373
300004677
300005105
300004455
300004440
300003724
300003723
300006981
300007050
300006791
300003876
300006792
300003733
300005359
300004743
300003737
300004740
300004589
300003738
300003739
300003740
300004972
300004742
300003746
300003747
300004774
300003751
300005171
300005172
300003752
300005478
300003753
300003757
300007666
300007669
300007349
300003768
300005158
300003781
300003782
300005881
300003795
300003790
300004857
300003789
300003792
300004859
300007057
300003802
300003849
300003803
300005275
300003805
300005666
300003807
300003835
300004716
300003808
300003811
300003809
300005674
300003816
300003815
300005316
300003817
300005278
300003818
300005301
300005283
300003819
300005317
300003834
300003821
300005669
300004623
300003822
300003823
300003826
300003827
300003828
300003853
300003829
300003830
300003847
300003832
300004372
300004629
300003845
300003852
300003846
300003848
300003850
300003851
300003854
300006900
300003857
300006901
300003861
300003862
300003865
300003886
300003885
300003877
300003866
300003879
300003868
300005845
300003873
300003880
300003881
300006191
300003882
300006192
300003895
300006727
300003898
300003902
300004836
300006927
300003914
300003915
300003910
300004838
300004813
300003916
300005309
300003933
300003938
300006539
300003942
300003939
300006541
300007090
300004517
300003941
300006540
300004513
300003947
300003950
300003952
300005695
300005036
300004134
300006244
300004197
300006936
300003978
300006993
300006942
300007492
300006424
300007496
300006306
300005340
300005343
300007144
300005339
300005897
300004004
300005896
300004009
300004018
300004019
300005648
300004033
300004025
300004024
300006523
300005829
300004034
300004045
300004371
300004889
300004050
300004898
300004051
300004080
300004056
300004066
300004082
300006143
300004090
300004081
300004074
300004111
300005979
300004130
300004098
300004144
300004132
300004099
300004125
300004102
300004101
300004115
300005972
300004470
300004106
300006011
300005999
300006028
300004109
300005692
300004110
300004136
300006003
300004113
300004135
300004150
300004160
300004116
300004124
300004119
300005552
300004120
300004143
300006031
300004139
300005013
300005009
300004140
300004148
300004147
300004145
300004154
300006152
300005132
300004155
300005128
300006665
300004157
300005593
300004161
300004162
300004165
300004163
300004164
300006347
300005021
300006850
300005801
300007411
300005486
300004184
300004189
300005077
300006166
300006171
300005087
300004193
300005538
300004281
300004260
300004235
300004263
300004242
300004196
300006796
300005540
300004200
300004258
300004276
300004202
300004205
300004206
300004253
300005497
300004207
300004208
300005496
300004210
300004211
300005543
300005500
300006120
300004220
300004244
300004230
300004248
300004238
300004239
300004240
300004278
300005508
300004261
300004269
300004262
300004268
300006140
300004284
300004806
300004297
300006096
300004329
300005383
300004330
300004303
300004324
300004304
300004357
300004323
300005812
300004349
300004345
300004319
300004325
300006488
300006872
300006929
300005398
300005397
300004337
300004338
300005401
300004339
300005017
300004340
300006902
300006883
300004348
300004346
300004350
300006873
300004351
300006875
300004352
300005652
300006090
300006091
300005670
300004358
300004363
300005631
300004374
300004709
300004383
300005629
300004384
300004721
300004386
300006903
300004387
300004388
300004826
300004390
300004815
300004816
300004817
300004394
300004718
300004395
300006308
300004404
300004410
300004405
300004411
300004414
300004426
300004436
300004425
300005798
300005602
300004445
300004447
300006163
300004441
300004422
300004430
300007358
300004442
300004429
300004435
300004427
300004428
300007357
300004431
300004432
300007187
300007189
300004433
300004434
300007192
300004437
300004438
300007051
300004439
300007252
300006708
300007193
300006774
300004454
300005775
300006144
300005421
300004468
300005639
300004471
300004472
300007183
300006931
300006644
300005996
300006649
300005992
300004510
300004480
300004495
300004481
300004485
300004482
300004483
300007746
300004486
300004491
300004494
300007561
300005701
300005700
300006690
300006034
300004515
300005048
300004516
300006534
300006533
300006536
300006643
300005046
300004799
300004545
300005435
300004535
300004531
300005437
300004532
300005362
300004537
300004534
300005374
300005367
300004540
300005155
300005133
300004607
300004550
300004551
300004558
300004801
300004567
300004561
300005162
300004566
300004568
300004569
300007251
300004780
300004925
300004591
300004596
300004601
300005471
300004598
300004599
300005470
300004603
300004608
300006409
300006505
300004867
300004866
300004635
300004620
300004695
300004636
300004634
300004688
300005192
300006696
300004694
300007065
300007066
300005424
300004645
300004646
300004655
300006121
300004648
300006113
300004649
300006060
300004652
300004653
300004654
300004662
300004661
300004668
300006112
300006777
300006700
300004691
300004692
300007505
300007504
300004705
300007510
300005675
300006482
300006310
300007509
300007502
300004717
300006483
300004722
300004720
300005668
300004739
300004746
300004767
300007541
300006982
300004765
300004768
300004769
300007342
300005786
300004779
300004924
300004782
300004920
300004809
300004822
300005616
300005477
300004830
300004833
300004837
300004846
300005892
300004850
300006453
300006474
300005223
300005019
300006303
300004934
300004928
300004929
300004938
300004940
300004879
300004894
300004902
300004912
300004904
300004910
300004943
300005722
300005981
300005249
300004977
300004978
300004988
300004984
300004991
300006525
300004992
300005006
300004999
300005001
300005131
300005612
300006721
300005943
300005034
300005044
300005049
300005047
300006537
300005934
300005124
300005058
300005067
300005605
300005078
300005079
300007059
300005594
300005777
300006168
300005095
300005109
300005096
300005097
300005101
300005099
300006319
300006318
300006653
300006656
300005939
300005127
300005120
300005597
300006652
300005794
300005139
300005140
300005147
300005159
300005143
300007162
300006327
300005190
300005191
300005281
300005196
300005203
300007344
300005228
300006368
300006225
300005272
300005254
300005256
300005264
300005262
300006236
300005547
300005274
300005276
300005277
300005280
300005314
300005303
300005279
300005299
300005282
300006522
300005335
300005333
300005329
300006433
300005331
300005336
300007779
300007315
300007308
300007307
300007314
300007124
300007145
300007311
300007774
300005351
300005357
300005368
300005373
300005363
300005366
300005369
300005372
300005379
300005381
300005382
300005640
300006435
300005413
300006895
300005641
300006861
300005475
300005443
300005452
300005455
300005462
300006406
300005459
300005467
300005460
300005464
300006410
300005465
300005494
300005501
300005495
300005498
300005499
300005502
300005511
300005513
300005506
300005507
300005510
300005509
300005849
300005820
300005840
300006685
300006137
300005553
300005558
300006119
300005789
300006956
300006287
300005598
300006651
300006456
300006349
300005802
300005645
300005647
300006904
300005653
300006886
300005664
300006088
300006089
300006017
300005683
300006476
300005684
300006477
300006002
300007091
300005699
300005719
300005740
300007550
300005712
300005732
300005723
300005993
300007374
300005739
300005742
300007551
300006576
300005760
300007078
300005765
300006578
300006575
300005778
300006957
300005795
300005815
300005831
300005811
300005841
300006177
300005813
300005830
300005821
300005851
300005858
300007055
300007015
300005844
300005847
300007013
300007017
300005861
300005857
300005866
300006832
300005871
300005874
300007570
300007572
300005895
300005899
300007137
300006430
300005889
300007152
300007150
300006156
300005931
300005930
300005910
300006027
300005911
300006006
300006014
300005940
300005915
300005926
300005918
300005929
300005928
300005921
300005925
300005949
300005947
300005953
300005991
300005966
300006141
300006340
300006773
300005998
300006007
300006358
300006008
300006024
300006009
300006020
300006015
300006026
300006021
300006055
300006353
300006444
300007421
300006689
300006045
300006044
300006051
300006061
300006047
300006049
300006048
300006052
300006054
300006053
300006439
300006062
300006109
300006443
300006066
300007195
300006072
300006074
300006078
300006083
300007196
300006676
300006437
300006285
300006131
300006130
300006648
300006179
300007012
300006180
300006183
300006190
300006184
300006736
300006189
300006201
300006203
300006204
300006205
300006366
300006365
300006382
300006207
300006639
300006211
300006380
300006381
300006218
300006734
300006395
300006214
300006733
300006215
300006216
300006217
300006394
300006220
300006810
300007367
300007377
300006232
300006769
300006269
300006261
300006264
300006262
300006263
300006273
300006291
300006699
300006698
300006322
300006323
300006360
300006896
300006372
300006378
300006367
300006370
300006383
300006387
300006371
300006376
300006373
300006396
300006374
300006375
300006806
300006738
300006388
300006389
300006390
300006392
300006725
300007106
300006397
300007681
300007107
300006414
300006416
300007494
300007486
300006428
300006436
300006529
300006552
300007416
300006922
300006923
300006493
300006496
300007069
300006530
300007522
300006562
300006564
300006706
300007207
300006583
300006579
300006586
300006916
300007041
300007049
300006618
300006598
300006610
300006951
300006609
300007034
300006950
300006623
300006627
300006640
300006688
300006645
300007202
300006646
300006801
300006728
300007503
300006701
300006702
300007206
300006709
300006724
300006737
300006756
300006753
300006755
300007239
300007139
300007306
300006764
300007146
300007123
300007316
300007418
300007417
300006867
300007389
300006779
300006800
300007165
300006807
300007112
300006826
300006854
300007070
300006855
300007072
300006868
300007386
300006925
300006973
300006990
300006946
300006961
300006968
300007270
300006967
300006964
300006966
300007259
300006976
300006970
300006971
300006972
300006980
300006984
300006985
300007360
300007620
300006998
300007063
300007060
300007260
300006999
300007616
300007018
300007030
300007257
300007361
300007067
300007071
300007083
300007170
300007458
300007114
300007116
300007117
300007169
300007118
300007321
300007147
300007523
300007545
300007454
300007753
300007177
300007687
300007689
300007190
300007223
300007290
300007221
300007325
300007216
300007222
300007218
300007233
300007781
300007235
300007247
300007782
300007236
300007249
300007241
300007473
300007267
300007263
300007269
300007271
300007280
300007629
300007282
300007288
300007285
300007284
300007778
300007313
300007318
300007327
300007430
300007429
300007382
300007331
300007332
300007338
300007350
300007391
300007373
300007370
300007371
300007376
300007387
300007427
300007431
300007718
300007686
300007400
300007399
300007447
300007514
300007603
300007520
300007443
300007444
300007445
300007459
300007460
300007485
300007684
300007676
300007708
300007567
300007571
300007617
300007622
300007625
300007633
300007632
300007700
300007735
300007704
300007731
300007786
300007721
300007787
300007722
300007788
300007743
300001250
300006858
300000044
300006209
300005016
300000075
300000110
300000122
300001787
300004008
300000146
300000157
300005951
300007531
300004804
300004773
300001966
300000193
300006989
300002169
300007058
300000257
300004785
300004787
300004786
300005481
300004097
300004980
300005251
300000291
300004103
300005426
300007740
300007739
300002162
300006924
300000312
300000326
300001692
300000359
300001506
300006878
300005387
300005389
300000421
300000456
300000440
300000451
300000610
300004571
300004735
300001118
300007758
300005577
300007122
300000521
300000522
300005018
300000536
300000539
300003072
300003073
300000542
300006153
300007048
300000550
300006265
300000571
300000573
300004754
300000607
300005585
300007654
300000651
300004917
300001904
300000736
300004172
300004040
300000766
300000770
300003704
300005405
300003600
300000794
300006556
300006691
300006899
300000834
300000835
300000836
300000837
300000839
300004478
300007706
300004504
300000950
300000951
300000973
300001457
300001395
300006136
300006678
300001095
300001151
300005582
300001182
300001183
300001193
300003925
300001398
300007336
300004752
300001471
300007664
300001459
300001461
300001463
300005917
300005311
300001507
300001528
300001566
300001568
300001569
300005937
300006684
300006200
300007209
300006815
300001659
300001689
300006683
300001700
300002713
300001707
300006325
300001773
300007703
300004900
300004914
300001847
300006930
300006038
300001884
300005590
300006300
300005241
300002533
300005404
300005837
300004500
300002871
300002014
300004915
300005487
300002032
300002930
300003051
300004177
300002082
300002117
300005823
300002143
300007061
300006835
300003872
300006195
300002585
300002227
300006911
300002291
300002302
300002335
300007319
300002337
300002348
300002914
300002356
300002928
300002384
300005015
300007697
300007768
300007142
300007789
300004547
300002483
300002854
300002557
300002566
300004005
300002586
300003744
300004611
300002681
300002923
300004618
300005345
300002767
300002783
300006937
300002823
300007404
300007181
300002882
300007609
300002900
300002920
300004573
300002946
300005650
300005307
300002988
300002992
300003021
300006524
300003034
300006659
300003146
300003145
300003170
300003189
300005989
300003200
300005064
300003953
300005677
300005482
300004298
300003297
300003349
300005322
300004292
300003424
300003428
300003421
300003422
300003427
300006674
300003574
300007691
300005407
300003705
300005092
300003713
300004761
300006692
300006693
300005879
300004678
300006790
300003919
300004555
300003924
300003943
300003944
300003945
300003983
300006786
300004020
300004322
300004123
300004107
300007414
300005961
300004725
300004467
300004477
300004526
300004877
300006457
300004562
300004714
300004738
300005323
300004907
300004908
300004974
300005165
300005202
300005246
300005248
300005247
300005250
300006489
300006134
300005304
300007141
300007310
300005586
300005587
300005588
300005589
300005690
300005679
300007639
300005769
300005770
300005814
300005873
300005912
300005936
300007291
300006000
300006016
300006029
300006041
300006058
300006926
300006235
300006809
300006223
300006752
300006335
300006336
300007097
300007101
300007163
300006497
300006500
300006501
300006498
300006853
300006531
300006532
300006560
300007656
300006574
300006660
300006681
300006739
300007140
300006805
300007245
300007615
300007095
300007111
300007119
300007168
300007167
300007128
300007166
300007612
300007261
300007309
300007538
300007537
300007392
300007441
300007604
300007446
300007519
300007518
300007501
300007506
300007507
300007508
300007569
300007574
300007618
300007623
300007635
300007720
300007726
300000054
300006642
300006286
300007242
300005417
300006199
300004896
300005042
300007401
300007645
300003152
300007696
300005252
300007120
300007121
300000298
300000300
300000341
300000342
300000346
300000348
300000352
300000358
300005983
300007345
300000435
300006793
300004736
300003959
300000649
300000697
300007596
300000718
300000725
300000726
300000728
300006661
300007289
300007741
300000773
300000777
300007405
300001304
300002338
300007356
300002017
300002013
300006788
300000967
300001101
300001140
300001176
300001189
300005882
300007130
300001257
300005763
300001334
300005176
300002870
300007581
300002658
300007517
300007182
300007211
300002240
300007482
300001522
300004579
300007709
300006242
300001598
300001853
300001610
300001613
300007298
300006813
300007530
300001658
300001675
300007791
300001696
300002404
300001699
300002712
300006760
300001774
300007734
300007757
300007756
300007255
300007710
300001803
300001905
300001859
300001909
300001926
300001930
300001949
300001951
300001959
300001962
300001960
300001963
300005409
300005410
300002023
300002037
300002043
300002071
300006299
300005492
300002112
300002136
300007406
300003712
300002149
300007716
300007714
300005643
300003228
300005903
300003159
300002276
300002285
300004375
300004365
300007749
300003148
300002298
300004038
300007748
300002323
300005988
300004503
300006766
300002452
300007533
300006892
300007532
300002486
300007759
300002549
300006882
300007475
300002593
300003621
300007751
300002746
300002724
300002725
300002737
300007771
300007174
300005885
300007729
300002779
300002803
300004511
300007565
300002862
300007435
300002867
300002874
300002873
300002876
300007178
300002899
300007333
300002944
300007582
300002948
300007793
300002965
300002974
300002979
300002986
300003028
300003030
300005292
300003033
300003040
300003800
300007665
300005493
300005542
300003099
300003107
300003252
300003108
300003201
300003209
300003221
300003508
300003858
300007680
300003731
300006890
300005726
300006132
300003267
300003289
300004959
300005546
300007479
300007738
300007407
300003649
300003693
300007671
300003722
300003730
300003729
300003732
300003755
300003759
300007668
300003770
300007539
300007339
300003980
300003771
300003774
300007092
300003900
300003894
300003896
300003901
300006478
300007254
300003982
300003988
300003991
300003992
300007493
300007490
300007491
300003996
300006842
300004641
300007355
300004610
300004627
300006331
300007795
300005673
300007415
300005294
300005055
300007724
300007725
300007212
300007647
300007587
300006423
300005234
300007602
300005240
300005239
300005238
300005245
300007717
300006915
300005591
300006401
300007711
300007558
300005533
300005532
300005535
300005571
300006307
300006246
300006245
300007393
300005827
300006836
300006445
300007363
300007655
300007513
300005994
300007197
300006894
300006071
300006241
300006839
300007648
300007649
300007790
300007256
300007694
300007747
300006732
300006751
300006224
300006865
300006797
300007408
300006403
300006746
300006745
300007638
300006550
300007693
300006553
300006558
300006557
300007690
300006632
300006633
300006635
300006638
300007695
300007792
300007646
300007575
300007576
300007469
300007381
300007644
300006723
300007203
300007554
300006750
300006754
300007467
300006778
300006795
300006794
300006804
300006802
300007712
300006843
300007512
300007465
300006848
300006851
300006891
300007643
300007043
300007593
300007636
300007794
300007075
300007094
300007527
300007607
300007105
300007108
300007110
300007113
300007583
300007641
300007129
300007153
300007278
300007549
300007186
300007200
300007499
300007773
300007220
300007250
300007253
300007663
300007264
300007265
300007275
300007274
300007273
300007761
300007390
300007279
300007286
300007287
300007292
300007294
300007300
300007296
300007299
300007302
300007305
300007322
300007337
300007769
300007770
300007783
300007637
300007777
300007388
300007679
300007403
300007409
300007410
300007413
300007412
300007419
300007440
300007449
300007457
300007464
300007489
300007495
300007498
300007516
300007525
300007529
300007652
300007555
300007543
300007546
300007553
300007590
300007592
300007564
300007573
300007584
300007585
300007605
300007760
300007762
300007613
300007624
300007634
300007631
300007630
300007640
300007692
300007667
300007670
300007672
300007675
300007674
300007678
300007677
300007682
300007683
300007685
300007727
300007742
300007745
300007744
300007764
300007765
300007767
300007785
