300000780
300004872
300000029
300000127
300000353
300001134
300000299
300000429
300001120
300002175
300003185
300000179
300000190
300003745
300003272
300001047
300000467
300001736
300005550
300001286
300001742
300000762
300000767
300001052
300001089
300004778
300002238
300001666
300001625
300001645
300001764
300002351
300005332
300000010
300000112
300001547
300000116
300000187
300000128
300000149
300001716
300000759
300000233
300000236
300000250
300000253
300000801
300002241
300000307
300001375
300000337
300001049
300000362
300000397
300000409
300000454
300001119
300005412
300004294
300000764
300005630
300001178
300000921
300001665
300001105
300001116
300002824
300001923
300004332
300001648
300002218
300004212
300004994
300002740
300003031
300000820
300001726
300000005
300005308
300004398
300000021
300000055
300000120
300003207
300000123
300000604
300000133
300002132
300000155
300005595
300001620
300001439
300000168
300001117
300003520
300001442
300000241
300000252
300001344
300001228
300000273
300000284
300000283
300000458
300002408
300002998
300006064
300005390
300001153
300000406
300004378
300004527
300000520
300003184
300000534
300004583
300001308
300000572
300005414
300001793
300002936
300000757
300001381
300000687
300004169
300000791
300000799
300003329
300000821
300000923
300001006
300004701
300004707
300004417
300001727
300001139
300001152
300001198
300004313
300001287
300001293
300001967
300005771
300002258
300001891
300001401
300001504
300001509
300002398
300004863
300001543
300001640
300002210
300003888
300001651
300002205
300001655
300003588
300001767
300003341
300001873
300006103
300001936
300002168
300004529
300002190
300005872
300002215
300002283
300002308
300002952
300004000
300002346
300002424
300002539
300002569
300002809
300002958
300003045
300005271
300003114
300003764
300003350
300004476
300004704
300004708
300005116
300005330
300005685
300000000
300004399
300004582
300000009
300001275
300003055
300004916
300000019
300000640
300003215
300003214
300005642
300005682
300000082
300005638
300003402
300000108
300000109
300005235
300005232
300000113
300001520
300005596
300001277
300001272
300000126
300000130
300003403
300005566
300000132
300000309
300001617
300002026
300000145
300003262
300002091
300000147
300000779
300000152
300002081
300000162
300003999
300005570
300000176
300001133
300000189
300004366
300005688
300001443
300000212
300000239
300002165
300002166
300002790
300004448
300001339
300000270
300000271
300002403
300004957
300004639
300003954
300001860
300000302
300001986
300000310
300005549
300003177
300004968
300000327
300002124
300001044
300000334
300004400
300003482
300004213
300000366
300001175
300000367
300000562
300001688
300000373
300001591
300001687
300001540
300000391
300004584
300000808
300002115
300002311
300000426
300001086
300000441
300000443
300000455
300002947
300000457
300000459
300001538
300000514
300000515
300000568
300000567
300001728
300002397
300003223
300000584
300000593
300000595
300000615
300003734
300000632
300001982
300005512
300000652
300001388
300002180
300000711
300000717
300000765
300005531
300002292
300000790
300001321
300000918
300000919
300001761
300001723
300002772
300002778
300001032
300001612
300003290
300001051
300001991
300004094
300002120
300001106
300001899
300001154
300001180
300001142
300005728
300005066
300001320
300002288
300001629
300002301
300001646
300001296
300001297
300001298
300001333
300005773
300001500
300003913
300001343
300001890
300002537
300001436
300001438
300003079
300005796
300002031
300001491
300005539
300001490
300001494
300001503
300003589
300001798
300001606
300005853
300001570
300001599
300001601
300001605
300003254
300003089
300001626
300001854
300001632
300003415
300001639
300001641
300001643
300005848
300001650
300003423
300002869
300006095
300001684
300006097
300001679
300004296
300001683
300002525
300004868
300001796
300001797
300001855
300001886
300002212
300005391
300002960
300001979
300001985
300004179
300002297
300003198
300004706
300002167
300004869
300002184
300002185
300004597
300002225
300003864
300002951
300002305
300002345
300002364
300003194
300002451
300002429
300002431
300002437
300002438
300002441
300002445
300002449
300002459
300002461
300002470
300002468
300002496
300002820
300002542
300003109
300003130
300003126
300002731
300002734
300004451
300002742
300002763
300002766
300003707
300002774
300002807
300002822
300003972
300002885
300002878
300005886
300002943
300004209
300002953
300004170
300005242
300004854
300005969
300004698
300003212
300003257
300003383
300005817
300003985
300004465
300004141
300004710
300004379
300005637
300005681
300004498
300004626
300005267
300005997
300006001
300000001
300004580
300001530
300000008
300003054
300001114
300000382
300000016
300000018
300001785
300005115
300000022
300004288
300000684
300005119
300000062
300000200
300000068
300001590
300001508
300000086
300003955
300001516
300000381
300000106
300000107
300005562
300006125
300000111
300005236
300001521
300000118
300000124
300004557
300002489
300000603
300000131
300004295
300000134
300001619
300001937
300006101
300000135
300001944
300001945
300001682
300006108
300000137
300002083
300003452
300000151
300002079
300001981
300000153
300001335
300002072
300003998
300005559
300000163
300000164
300004697
300004146
300004554
300003166
300000172
300000512
300003531
300001518
300001260
300004380
300004457
300000689
300004403
300005118
300000213
300002880
300000229
300000230
300000231
300000232
300001305
300001307
300001309
300000242
300000244
300000245
300000246
300003718
300000247
300004452
300000249
300000816
300000255
300002340
300000798
300000256
300002787
300000827
300000260
300000261
300003265
300005207
300000263
300000265
300000266
300000267
300000272
300000274
300005431
300000275
300000285
300000286
300000287
300000289
300000290
300000293
300003956
300000297
300001390
300001389
300000301
300000303
300000304
300000306
300005977
300000329
300002237
300001956
300000340
300000374
300004630
300000360
300001939
300001171
300000531
300000369
300000528
300000378
300000379
300003525
300000688
300000387
300000388
300000389
300000398
300001046
300001038
300000437
300000407
300001336
300002137
300000422
300000427
300002325
300002601
300000446
300004993
300000690
300002040
300005984
300000460
300002488
300000480
300000491
300000516
300001513
300001168
300000533
300004525
300002087
300005080
300001331
300001332
300001608
300004416
300003708
300002290
300006084
300000601
300002073
300000614
300000622
300000623
300002086
300000758
300000706
300003266
300000710
300000730
300000727
300000732
300000749
300002192
300002509
300005179
300003404
300005527
300005530
300005534
300000787
300000788
300000797
300000792
300000793
300000828
300000796
300002339
300000800
300000803
300000804
300000810
300000830
300000897
300001993
300002016
300001762
300004334
300000978
300000979
300002776
300004675
300004676
300001009
300004700
300004702
300001031
300001036
300001041
300001037
300005971
300002343
300001039
300005634
300002074
300001611
300001050
300003291
300005976
300001090
300001096
300001502
300004936
300001113
300002244
300001132
300001733
300001587
300003535
300001141
300001148
300001350
300004945
300001177
300001173
300001184
300002844
300001186
300002851
300002891
300002889
300004320
300001256
300003931
300003934
300005306
300002222
300001295
300005122
300005125
300005217
300002683
300002254
300001908
300001885
300004777
300005430
300001340
300003392
300001341
300003211
300003238
300003237
300001354
300002257
300001895
300006115
300003078
300005954
300001482
300001487
300001484
300002038
300001493
300004788
300004592
300002232
300001510
300002085
300002523
300001536
300001514
300001519
300001532
300001694
300002399
300002275
300002269
300002980
300003524
300001607
300003545
300005268
300001614
300001615
300004182
300001621
300001634
300005516
300003413
300003412
300003410
300003897
300003425
300003875
300002209
300002512
300001656
300003426
300004326
300001681
300001685
300001872
300001871
300001703
300001709
300001704
300001710
300001706
300001712
300001722
300002755
300001729
300003519
300004864
300002421
300001792
300002070
300005490
300001858
300005429
300001896
300001920
300001921
300001943
300005517
300001969
300002513
300001973
300001980
300001988
300001989
300002860
300001997
300005708
300005704
300002417
300002029
300002039
300002042
300004906
300002052
300002084
300003365
300002053
300002062
300002054
300004903
300005544
300002059
300002063
300002068
300003366
300002066
300002067
300003367
300003053
300005416
300005635
300002077
300004178
300002080
300002103
300002099
300002100
300002170
300002107
300004027
300002114
300002118
300002127
300002129
300002151
300002133
300005625
300003197
300002154
300002160
300002201
300002188
300002186
300002189
300002204
300005865
300005229
300005880
300002211
300002213
300002214
300005644
300002299
300002224
300004037
300004021
300002231
300002524
300002266
300002255
300002259
300002261
300002262
300002277
300002300
300004039
300002303
300002307
300002321
300003603
300004031
300002313
300002334
300002691
300002349
300002353
300002354
300002355
300002723
300002463
300002401
300002423
300002427
300002474
300002428
300002436
300002440
300003661
300003241
300002444
300002448
300003242
300002454
300002457
300002460
300002481
300002480
300002487
300003761
300003756
300002466
300002472
300002475
300002476
300002478
300002500
300002506
300002494
300002497
300002503
300002502
300002505
300004333
300005854
300002514
300005186
300003299
300003587
300002545
300002540
300002541
300002883
300002543
300002544
300002563
300002564
300002567
300002568
300003989
300003113
300002978
300002672
300002673
300005774
300005764
300002692
300003725
300002761
300003721
300002743
300002762
300002929
300002775
300002780
300002804
300002799
300002795
300002805
300002806
300002832
300002835
300002884
300002796
300003970
300002800
300002797
300002798
300002802
300003971
300002816
300002810
300002831
300002811
300002834
300002812
300002836
300002813
300002837
300002814
300002838
300002815
300002839
300002848
300002828
300002817
300002827
300002818
300002826
300003967
300003968
300002830
300002833
300003973
300003974
300002881
300002888
300002846
300002840
300002852
300002841
300003977
300002890
300002843
300002850
300003975
300003976
300002859
300002863
300002866
300002872
300002897
300002895
300002893
300003979
300002901
300002906
300003762
300002945
300005526
300003029
300003147
300003043
300003044
300004911
300003081
300003111
300003112
300003127
300003118
300003133
300003119
300003124
300003125
300003120
300003765
300003137
300003887
300003192
300003239
300003294
300004966
300005515
300003418
300003642
300005110
300003646
300003666
300003647
300003667
300003648
300003654
300003670
300003990
300003987
300005230
300005408
300003717
300003754
300003758
300003767
300003772
300003780
300005318
300003878
300003867
300003874
300003883
300003984
300003993
300003994
300003986
300003995
300004168
300004367
300004368
300005576
300004499
300004546
300004766
300004901
300004913
300005206
300005767
300005327
300005328
300005346
300005344
300006070
300005529
300005680
300006065
300006082
300000004
300005580
300000007
300004811
300000344
300000330
300001912
300001900
300000371
300000056
300003711
300001567
300005114
300000063
300000079
300003518
300003512
300000104
300000105
300000392
300001533
300000114
300000115
300000117
300000129
300005978
300003246
300000136
300003206
300001801
300000160
300003191
300000165
300000167
300000169
300000170
300000171
300000174
300001737
300000177
300000178
300001592
300005974
300000199
300002793
300002794
300000228
300000237
300000832
300000833
300000238
300000831
300000815
300001950
300004450
300004453
300002674
300000248
300000707
300000258
300000259
300000814
300000825
300000269
300002230
300001810
300001811
300001910
300000276
300005325
300000282
300003806
300000350
300000288
300001616
300002069
300006105
300000620
300000339
300001517
300000345
300000356
300000357
300001941
300001179
300002044
300000824
300000368
300000370
300000384
300000375
300000376
300001515
300000386
300001338
300001809
300000393
300000405
300000396
300000408
300005662
300002324
300000428
300000431
300000432
300000438
300000444
300000447
300000448
300001537
300000518
300004946
300000564
300000565
300005768
300005826
300002122
300004171
300004293
300000716
300000724
300002511
300003653
300000772
300000771
300000774
300000775
300000783
300000786
300000785
300002138
300000809
300000813
300000811
300000829
300001319
300005747
300000924
300000925
300001889
300000968
300000977
300004712
300001008
300004699
300001010
300001072
300001073
300005975
300003018
300004572
300001527
300001121
300002400
300002875
300001170
300001172
300002415
300001187
300001188
300002286
300001628
300001210
300005483
300001258
300001255
300004795
300001288
300004581
300003140
300001310
300002548
300001324
300005776
300002402
300003579
300004585
300001351
300001352
300003251
300001372
300001392
300002777
300001437
300003076
300003077
300001481
300001485
300001788
300001486
300001483
300001498
300001488
300001497
300003961
300002036
300001495
300001789
300003171
300005579
300002405
300001695
300003157
300001897
300003161
300002268
300006036
300003527
300004181
300001940
300001623
300001627
300001630
300001631
300001633
300003414
300003899
300003411
300002293
300003175
300001677
300001678
300006106
300001697
300001698
300002719
300001701
300001702
300001705
300002234
300002095
300002102
300004191
300001775
300001763
300001778
300001777
300001802
300004808
300005266
300001883
300003092
300002256
300002271
300003158
300003160
300005237
300001928
300001929
300004183
300006107
300001958
300001961
300001964
300001965
300001968
300001970
300001971
300004458
300001990
300004950
300002024
300002025
300002027
300002028
300002041
300002051
300002061
300005491
300002076
300002771
300003643
300002111
300002588
300002123
300002119
300002130
300002134
300002131
300002135
300002148
300002145
300002146
300002147
300004047
300002150
300003205
300003203
300002153
300003688
300003691
300003594
300002199
300002197
300002193
300002194
300002195
300003891
300003870
300003136
300002223
300005649
300002226
300003726
300002235
300002274
300002260
300002265
300002264
300002284
300006086
300002287
300002289
300004679
300002295
300002296
300002320
300002306
300002309
300002310
300002312
300002344
300002690
300002689
300002693
300002357
300002358
300002359
300002360
300002426
300002435
300002439
300003123
300003135
300003121
300002443
300002447
300002453
300003243
300005227
300002458
300002482
300002479
300002462
300002469
300002484
300002471
300002485
300002491
300002492
300002493
300002498
300002495
300002507
300002508
300002510
300003153
300003154
300002896
300002853
300002894
300002547
300003763
300003129
300002970
300002984
300002580
300002587
300003590
300002977
300002671
300005221
300002736
300005548
300002726
300002727
300002728
300004772
300003720
300002733
300005334
300003116
300002768
300003715
300003716
300003685
300002785
300002786
300002788
300002789
300002791
300002792
300002887
300002801
300003969
300003966
300002829
300002886
300002845
300003155
300002825
300002847
300002842
300002849
300002857
300004484
300002864
300002865
300002877
300002892
300003074
300002898
300003981
300003766
300005528
300002950
300002961
300002962
300002963
300002964
300003893
300003778
300002976
300005157
300003777
300002985
300005400
300004587
300004990
300003041
300003042
300003156
300003070
300005231
300003080
300003288
300003097
300003110
300003115
300003997
300003117
300003134
300003131
300003132
300003144
300003138
300003139
300005305
300004775
300003167
300003168
300003247
300003193
300003202
300005063
300003217
300003218
300003219
300003220
300003235
300003728
300003253
300003268
300003386
300003387
300003433
300003591
300003593
300003592
300003596
300003668
300003659
300003655
300003683
300003690
300004455
300003724
300003723
300005359
300003757
300003768
300005158
300003781
300004629
300003861
300003862
300003865
300003886
300003877
300003866
300003879
300003868
300003873
300003895
300003898
300003902
300003978
300004184
300005543
300004297
300006096
300004374
300004454
300005775
300004472
300005992
300004607
300004809
300004934
300005547
300005993
300005991
300006066
300006072
300006083
300000257
300000456
300002585
300004005
300002900
300003107
