1.000000000000000000e+00 7.740458803521049500e+09
2.000000000000000000e+00 7.514598425383585930e+09
3.000000000000000000e+00 7.191882334276302338e+09
4.000000000000000000e+00 7.191882334276302338e+09
5.000000000000000000e+00 6.457730246606218338e+09
6.000000000000000000e+00 6.366356574145679474e+09
7.000000000000000000e+00 6.366356574145679474e+09
8.000000000000000000e+00 6.366356574145679474e+09
9.000000000000000000e+00 6.278566132478853226e+09
1.000000000000000000e+01 6.270967644424017906e+09
