1.000000000000000000e+00 7.136675564525736809e+09
2.000000000000000000e+00 6.813317885508096695e+09
3.000000000000000000e+00 6.685976450561854362e+09
4.000000000000000000e+00 6.393531984837769508e+09
5.000000000000000000e+00 5.953016195566905022e+09
6.000000000000000000e+00 5.760047037043003082e+09
7.000000000000000000e+00 5.511576127602984428e+09
8.000000000000000000e+00 5.511345405812007904e+09
9.000000000000000000e+00 5.276840167500913620e+09
1.000000000000000000e+01 5.275598322167043686e+09
