1.000000000000000000e+00 7.708446877482813835e+09
2.000000000000000000e+00 7.683028964261266708e+09
3.000000000000000000e+00 7.655176697299237251e+09
4.000000000000000000e+00 7.628716677625555992e+09
5.000000000000000000e+00 7.606670843934117317e+09
6.000000000000000000e+00 7.581175653760725021e+09
7.000000000000000000e+00 7.568310789704641342e+09
8.000000000000000000e+00 7.539799615174073219e+09
9.000000000000000000e+00 7.529473360646577835e+09
1.000000000000000000e+01 7.497644464488492966e+09
