1.000000000000000000e+00 7.514598425383585930e+09
2.000000000000000000e+00 6.710658432866095543e+09
3.000000000000000000e+00 6.395566332253998756e+09
4.000000000000000000e+00 5.970991486148899078e+09
5.000000000000000000e+00 5.549756599380897522e+09
6.000000000000000000e+00 4.472553436027444839e+09
7.000000000000000000e+00 4.149656401200974464e+09
8.000000000000000000e+00 4.148236852876079559e+09
9.000000000000000000e+00 4.148012855293904781e+09
1.000000000000000000e+01 4.147855337017345428e+09
