1.000000000000000000e+00 9.814182274979180720e-01
2.000000000000000000e+00 9.604087566514700747e-01
3.000000000000000000e+00 9.365763807534334129e-01
4.000000000000000000e+00 9.315304379737187057e-01
5.000000000000000000e+00 9.286228457705825168e-01
6.000000000000000000e+00 9.172677102005674099e-01
7.000000000000000000e+00 8.459117277590367800e-01
8.000000000000000000e+00 7.351621053225875224e-01
9.000000000000000000e+00 7.255924571977021564e-01
1.000000000000000000e+01 6.992406385411226166e-01
1.100000000000000000e+01 6.972575477423816892e-01
1.200000000000000000e+01 6.959660686812798591e-01
1.300000000000000000e+01 6.678640488927154450e-01
1.400000000000000000e+01 6.558455306355770453e-01
1.500000000000000000e+01 6.456689579246002175e-01
1.600000000000000000e+01 6.365721463958560200e-01
1.700000000000000000e+01 6.158449660545667337e-01
1.800000000000000000e+01 5.711372073000324789e-01
1.900000000000000000e+01 5.656113706615477632e-01
2.000000000000000000e+01 5.633318748323900005e-01
