1.000000000000000000e+00 8.304601573595115083e-01
2.000000000000000000e+00 8.276664558864689214e-01
3.000000000000000000e+00 4.975898493785439469e-01
4.000000000000000000e+00 4.056775892274042117e-01
5.000000000000000000e+00 3.507002394601262396e-01
6.000000000000000000e+00 3.085251951444535345e-01
7.000000000000000000e+00 3.075663180154871723e-01
8.000000000000000000e+00 2.883421273596152301e-01
9.000000000000000000e+00 2.869426850632859072e-01
1.000000000000000000e+01 2.867509096374926125e-01
1.100000000000000000e+01 2.555640789078130193e-01
1.200000000000000000e+01 2.546259342573107820e-01
1.300000000000000000e+01 2.520913887650699237e-01
1.400000000000000000e+01 2.512413571480402452e-01
1.500000000000000000e+01 2.479708086703225067e-01
1.600000000000000000e+01 2.360029854768988244e-01
1.700000000000000000e+01 2.351840525775653890e-01
1.800000000000000000e+01 1.952999471321799074e-01
1.900000000000000000e+01 1.945898597447831835e-01
2.000000000000000000e+01 1.942736894482050836e-01
