1.000000000000000000e+00 8.413809903904961862e-01
2.000000000000000000e+00 5.916945691272663677e-01
3.000000000000000000e+00 4.581152103828252109e-01
4.000000000000000000e+00 3.742989830719313238e-01
5.000000000000000000e+00 3.455482185617879676e-01
6.000000000000000000e+00 2.351529538598691738e-01
7.000000000000000000e+00 2.348264173240590114e-01
8.000000000000000000e+00 2.334321581473457197e-01
9.000000000000000000e+00 2.326650564441726243e-01
1.000000000000000000e+01 2.320275327314003655e-01
1.100000000000000000e+01 2.307265697077757194e-01
1.200000000000000000e+01 2.307213865881596881e-01
1.300000000000000000e+01 2.299594680046026240e-01
1.400000000000000000e+01 2.292338312583577786e-01
1.500000000000000000e+01 2.257144930390703463e-01
1.600000000000000000e+01 2.235013009630236192e-01
1.700000000000000000e+01 2.181989695958203301e-01
1.800000000000000000e+01 2.017529310541428811e-01
1.900000000000000000e+01 2.016129868245099266e-01
2.000000000000000000e+01 1.954036095245006155e-01
