1.000000000000000000e+00 9.814182274979180720e-01
2.000000000000000000e+00 9.604087566514700747e-01
3.000000000000000000e+00 9.553628138717554785e-01
4.000000000000000000e+00 9.339440217928269838e-01
5.000000000000000000e+00 9.145153777752684787e-01
6.000000000000000000e+00 8.017685500148202804e-01
7.000000000000000000e+00 7.663058053042386408e-01
8.000000000000000000e+00 7.604553345848212853e-01
9.000000000000000000e+00 7.557340258860393289e-01
1.000000000000000000e+01 7.421346808000113260e-01
1.100000000000000000e+01 7.088314584538949470e-01
1.200000000000000000e+01 7.059238662507586470e-01
1.300000000000000000e+01 6.612725655972561123e-01
1.400000000000000000e+01 6.517029174723708573e-01
1.500000000000000000e+01 6.437423252268910101e-01
1.600000000000000000e+01 6.434106338833293082e-01
1.700000000000000000e+01 6.014128639783200558e-01
1.800000000000000000e+01 5.975807703707886054e-01
1.900000000000000000e+01 5.405369165408121512e-01
2.000000000000000000e+01 5.388290589846010947e-01
