2.668211113485339752e+02
2.744279629548494199e+02
2.972275951957057600e+02
3.729344495518458871e+02
3.804994560019779328e+02
3.456640578468440253e+03
3.459367091264786723e+03
3.459519527190886492e+03
3.459522516130613440e+03
3.460284695761109106e+03
3.461277023750616536e+03
3.468830074441838860e+03
3.476380136193333328e+03
3.476496704842703366e+03
8.393224722169725283e+03
8.587583405353820126e+03
8.628803873134842434e+03
8.628824795712933337e+03
8.677003515179419992e+03
8.677036393516422322e+03
