1.000000000000000000e+00 1.005595862920654504e+00
2.000000000000000000e+00 9.928439112600890848e-01
3.000000000000000000e+00 9.723955806465840457e-01
4.000000000000000000e+00 8.784567547302959412e-01
5.000000000000000000e+00 7.241763330834031231e-01
6.000000000000000000e+00 7.154048868698451580e-01
7.000000000000000000e+00 5.462664843646628521e-01
8.000000000000000000e+00 5.414314382745997190e-01
9.000000000000000000e+00 5.076963789529396198e-01
1.000000000000000000e+01 4.586016407180346643e-01
1.100000000000000000e+01 4.564956115203104847e-01
1.200000000000000000e+01 4.560876372778194243e-01
1.300000000000000000e+01 4.559718608035989718e-01
1.400000000000000000e+01 2.103217483350240391e-01
1.500000000000000000e+01 2.089820491333304053e-01
1.600000000000000000e+01 2.035350416795307094e-01
1.700000000000000000e+01 1.881863890971640363e-01
1.800000000000000000e+01 1.404589158911480617e-01
1.900000000000000000e+01 1.400344021523397819e-01
2.000000000000000000e+01 1.307006130639968289e-01
