1.000000000000000000e+00 8.413809903904961862e-01
2.000000000000000000e+00 5.916945691272663677e-01
3.000000000000000000e+00 4.581152103828252109e-01
4.000000000000000000e+00 4.242435236920397701e-01
5.000000000000000000e+00 3.859817346864731213e-01
6.000000000000000000e+00 3.134854406169985674e-01
7.000000000000000000e+00 3.121844775933739213e-01
8.000000000000000000e+00 3.066955539199933689e-01
9.000000000000000000e+00 3.065348772118963172e-01
1.000000000000000000e+01 3.038137394134781677e-01
1.100000000000000000e+01 3.031658494614738464e-01
1.200000000000000000e+01 3.025801569448619555e-01
1.300000000000000000e+01 3.018700695574652593e-01
1.400000000000000000e+01 3.014450537489504200e-01
1.500000000000000000e+01 3.000922595291654060e-01
1.600000000000000000e+01 2.982470689458571189e-01
1.700000000000000000e+01 2.960027781521141765e-01
1.800000000000000000e+01 2.956866078555360766e-01
1.900000000000000000e+01 2.943389967553671216e-01
2.000000000000000000e+01 2.942405174826624448e-01
