0.000000000000000000e+00
9.923279895074355039e-01
9.923279895074355039e-01
8.605157475278790713e+00
8.605157475278790713e+00
3.916353557571006604e+03
3.923804984311495446e+03
9.588005418526061476e+03
1.163388601235489659e+04
1.165836243978284256e+04
1.697356263230085824e+04
1.697359849957758706e+04
1.697359849957758706e+04
1.697359849957758706e+04
1.698227838054605309e+04
2.679237254720769488e+04
2.679240542554469721e+04
2.679340672035338503e+04
2.679773769401843310e+04
2.680206567874375469e+04
2.984277017785210046e+04
