0.000000000000000000e+00
1.913472041703239711e+03
2.301069701375078239e+03
3.056189885152809438e+03
3.076792646694002542e+03
3.097368507777648574e+03
3.498208957872407154e+03
3.682010524979135425e+03
4.073679464918925987e+03
4.618474416757218933e+03
4.618573051768223195e+03
5.274765505389948885e+03
5.281347150669755138e+03
5.307640853451980547e+03
5.830097716848251366e+03
5.830097716848251366e+03
5.836646483791055289e+03
6.270016718793443033e+03
8.527807987980941107e+03
8.548903924577160069e+03
8.579208784473599735e+03
