1.000000000000000000e+00 7.724106322127561569e+09
2.000000000000000000e+00 7.692094396089324951e+09
3.000000000000000000e+00 7.666676482867777824e+09
4.000000000000000000e+00 7.638824215905747414e+09
5.000000000000000000e+00 7.616278348209342957e+09
6.000000000000000000e+00 7.595534378686594963e+09
7.000000000000000000e+00 7.580654242256357193e+09
8.000000000000000000e+00 7.567789378200273514e+09
9.000000000000000000e+00 7.539278203669706345e+09
1.000000000000000000e+01 7.512152653375053406e+09
