1.000000000000000000e+00 7.740458803521049500e+09
2.000000000000000000e+00 7.417101124503407478e+09
3.000000000000000000e+00 7.417101124503407478e+09
4.000000000000000000e+00 7.417101124503407478e+09
5.000000000000000000e+00 7.191240746365940094e+09
6.000000000000000000e+00 6.868524655258660316e+09
7.000000000000000000e+00 6.794235113307857513e+09
8.000000000000000000e+00 6.794235113307857513e+09
9.000000000000000000e+00 6.576088179861316681e+09
1.000000000000000000e+01 6.063106406862139702e+09
