1.000000000000000000e+00 9.802794072244519485e-01
2.000000000000000000e+00 9.238852379482203059e-01
3.000000000000000000e+00 8.545020508975433859e-01
4.000000000000000000e+00 7.667159176112556818e-01
5.000000000000000000e+00 7.646098884135315021e-01
6.000000000000000000e+00 5.962764080624531893e-01
7.000000000000000000e+00 5.950910774930534552e-01
8.000000000000000000e+00 5.853603404930974863e-01
9.000000000000000000e+00 4.888303268204472474e-01
1.000000000000000000e+01 4.806543024743086256e-01
1.100000000000000000e+01 4.785427601111454377e-01
1.200000000000000000e+01 3.001257001720107342e-01
1.300000000000000000e+01 1.523673532395360131e-01
1.400000000000000000e+01 1.518932210117761306e-01
1.500000000000000000e+01 1.382757023772769323e-01
1.600000000000000000e+01 1.371234508005116093e-01
1.700000000000000000e+01 1.320458254311295265e-01
1.800000000000000000e+01 1.289364001234949153e-01
1.900000000000000000e+01 1.275967009218012538e-01
2.000000000000000000e+01 1.221496934680015856e-01
