1.000000000000000000e+00 9.977170478361869765e-01
2.000000000000000000e+00 9.939184043365928423e-01
3.000000000000000000e+00 9.931595125397977286e-01
4.000000000000000000e+00 6.904555383259785017e-01
5.000000000000000000e+00 6.892321652955404332e-01
6.000000000000000000e+00 6.867893048563097347e-01
7.000000000000000000e+00 6.848521730189606194e-01
8.000000000000000000e+00 6.844399982305476859e-01
9.000000000000000000e+00 6.826110660113317019e-01
1.000000000000000000e+01 6.826012025102311531e-01
1.100000000000000000e+01 6.825488960650010206e-01
1.200000000000000000e+01 6.824496632660502771e-01
1.300000000000000000e+01 6.823617884380638321e-01
1.400000000000000000e+01 6.820883004530037264e-01
1.500000000000000000e+01 6.808786765453117562e-01
1.600000000000000000e+01 6.754116068898647907e-01
1.700000000000000000e+01 6.693667751851050118e-01
1.800000000000000000e+01 6.591843542156603508e-01
1.900000000000000000e+01 6.585859684822283899e-01
2.000000000000000000e+01 6.580951845789839716e-01
