1.000000000000000000e+00 9.893925518013144682e-01
2.000000000000000000e+00 9.856103474702212486e-01
3.000000000000000000e+00 9.833447311568273008e-01
4.000000000000000000e+00 9.825900238756505312e-01
5.000000000000000000e+00 9.825864371479776649e-01
6.000000000000000000e+00 9.818320287607735786e-01
7.000000000000000000e+00 9.810779192675423976e-01
8.000000000000000000e+00 9.803241086682839001e-01
9.000000000000000000e+00 9.802248758693331565e-01
1.000000000000000000e+01 9.794713641640473423e-01
1.100000000000000000e+01 9.787181513527343224e-01
1.200000000000000000e+01 9.779652374353940969e-01
1.300000000000000000e+01 9.772126224120265547e-01
1.400000000000000000e+01 9.764603062826316959e-01
1.500000000000000000e+01 9.757082890472097425e-01
1.600000000000000000e+01 9.689598609306123711e-01
1.700000000000000000e+01 9.667136727254467266e-01
1.800000000000000000e+01 9.659655411116703227e-01
1.900000000000000000e+01 9.659571720804335238e-01
2.000000000000000000e+01 9.644618055347989882e-01
