1.000000000000000000e+00 9.999997011060272056e-01
2.000000000000000000e+00 6.628386319264194526e-01
3.000000000000000000e+00 6.628377352445012916e-01
4.000000000000000000e+00 6.628371374565558138e-01
5.000000000000000000e+00 6.628371374565558138e-01
6.000000000000000000e+00 6.628368385625830195e-01
7.000000000000000000e+00 6.628296651072371759e-01
8.000000000000000000e+00 6.628236872277822878e-01
9.000000000000000000e+00 6.626539154512641749e-01
1.000000000000000000e+01 6.624844425687187455e-01
1.100000000000000000e+01 6.613029146944645609e-01
1.200000000000000000e+01 6.612831876922635743e-01
1.300000000000000000e+01 6.524870369684021565e-01
1.400000000000000000e+01 6.519012047818253386e-01
1.500000000000000000e+01 6.518602563075595047e-01
1.600000000000000000e+01 3.888727154039193223e-01
1.700000000000000000e+01 3.886655818808082419e-01
1.800000000000000000e+01 3.884587472516699003e-01
1.900000000000000000e+01 3.884584483576971614e-01
2.000000000000000000e+01 3.880806463761496961e-01
