7.612829485771355209e+00
2.633483472375648375e+02
2.657723773565119245e+02
2.684988901528593033e+02
2.686154588022291136e+02
2.686304035008654978e+02
2.762402440469089129e+02
2.990488431069479702e+02
2.388442650497072918e+03
2.388595086423171324e+03
2.422234164431655245e+03
2.942741491253468666e+03
2.943545516040147959e+03
2.965224295883216200e+03
2.965245218461308468e+03
2.965251196340763272e+03
2.965251196340763272e+03
2.979690764163990025e+03
3.912012495273000695e+03
3.928287678372330902e+03
